Federal Office of Meteorology and Climatology MeteoSwiss
MeteoSchweiz / MeteoSuisse / MeteoSvizzera / MeteoSwiss

Monthly homogenized values

Station:                  La Chaux-de-Fonds
Altitude [m asl]:         1017 m
Coordinates:              47° 5.0' N / 6° 47.5' E

Reference date of homogenization:
         Temperature:     01.12.2009
         Precipitation:   01.12.2010

Last inhomogeneity provisionally corrected:
         Temperature:     no
         Precipitation:   yes

Units:
         Temperature:     °C
         Precipitation:   mm

Missing values:           NA

Data source:              MeteoSwiss
Creation date:            7.07.2021


Year  Month        Temperature      Precipitation  
1900      1                 NA              167.5  
1900      2                 NA              104.3  
1900      3                 NA               48.8  
1900      4                 NA               72.4  
1900      5                 NA               79.1  
1900      6                 NA               68.8  
1900      7                 NA               99.7  
1900      8                 NA              150.2  
1900      9                 NA               97.7  
1900     10                 NA               79.8  
1900     11                 NA               76.1  
1900     12                 NA              118.6  
1901      1               -3.3               94.4  
1901      2               -8.1               48.0  
1901      3               -1.2               83.5  
1901      4                4.8              251.0  
1901      5                9.0               39.5  
1901      6               12.5              178.2  
1901      7               14.5              117.7  
1901      8               12.7              135.2  
1901      9               10.9              189.8  
1901     10                5.3              129.5  
1901     11               -1.1               41.7  
1901     12               -2.0              109.3  
1902      1               -1.6               77.1  
1902      2               -2.2               74.4  
1902      3                1.3              133.0  
1902      4                6.8               92.7  
1902      5                4.5              176.7  
1902      6               11.0               99.8  
1902      7               14.4              111.3  
1902      8               12.6              169.7  
1902      9                9.9               62.1  
1902     10                5.2              137.2  
1902     11                1.4               43.5  
1902     12               -2.5              130.6  
1903      1               -2.3               61.7  
1903      2               -0.5               40.8  
1903      3                2.1               90.3  
1903      4                1.0              108.4  
1903      5                8.9               75.6  
1903      6               10.3               77.5  
1903      7               12.9               86.2  
1903      8               12.9              181.8  
1903      9               10.7               47.8  
1903     10                7.0              178.5  
1903     11                1.0              111.6  
1903     12               -3.2               51.5  
1904      1               -4.4               58.3  
1904      2               -1.9              192.9  
1904      3                0.6               69.5  
1904      4                6.1               90.6  
1904      5               10.0              183.3  
1904      6               12.9              105.4  
1904      7               16.7               32.0  
1904      8               13.8              114.5  
1904      9                8.5               94.2  
1904     10                6.0               53.9  
1904     11                0.5               47.4  
1904     12               -1.7               77.6  
1905      1               -5.6               95.0  
1905      2               -3.1               31.9  
1905      3                1.7              123.7  
1905      4                4.6              165.4  
1905      5                6.9               94.7  
1905      6               12.6               88.3  
1905      7               16.4               55.2  
1905      8               13.3              255.8  
1905      9               10.1              144.0  
1905     10                0.6              115.4  
1905     11                1.2              131.8  
1905     12               -1.7               55.9  
1906      1               -2.0               97.2  
1906      2               -3.8              114.6  
1906      3               -1.1              109.3  
1906      4                4.1               58.7  
1906      5                8.5              162.5  
1906      6               11.2               75.0  
1906      7               14.3              101.2  
1906      8               14.4               32.7  
1906      9                9.7               41.1  
1906     10                8.1               69.4  
1906     11                2.4              142.4  
1906     12               -5.9              146.4  
1907      1               -3.9              103.4  
1907      2               -5.7               66.0  
1907      3               -0.7               99.7  
1907      4                2.8               97.0  
1907      5                9.3               77.1  
1907      6               11.4              124.2  
1907      7               12.0               74.4  
1907      8               14.0               88.8  
1907      9               11.3               61.3  
1907     10                7.2               82.1  
1907     11                3.2               38.2  
1907     12                0.0              146.1  
1908      1               -5.1               60.5  
1908      2               -3.2              164.3  
1908      3               -1.0               84.3  
1908      4                2.2               72.7  
1908      5               10.8              134.2  
1908      6               14.2              119.2  
1908      7               13.6              175.6  
1908      8               11.3              106.7  
1908      9                9.4              140.1  
1908     10                6.4                9.5  
1908     11                0.6               96.2  
1908     12               -2.0               61.6  
1909      1               -5.6               79.2  
1909      2               -6.2               59.8  
1909      3               -1.5               96.9  
1909      4                5.3              115.6  
1909      5                8.1               67.9  
1909      6               10.3              224.1  
1909      7               10.9              237.1  
1909      8               12.9               80.0  
1909      9                9.0              131.9  
1909     10                7.1              205.0  
1909     11               -0.5               53.2  
1909     12               -0.2              161.9  
1910      1               -2.4              277.8  
1910      2               -1.5              128.4  
1910      3                0.3               28.4  
1910      4                3.5               99.1  
1910      5                7.2              130.2  
1910      6               12.0              199.0  
1910      7               11.6              192.0  
1910      8               12.6              126.0  
1910      9                8.2              102.7  
1910     10                7.1               60.4  
1910     11               -0.1              289.2  
1910     12                0.7              146.5  
1911      1               -5.7               28.1  
1911      2               -2.6               58.9  
1911      3                0.9               91.3  
1911      4                2.9               69.9  
1911      5                9.2               92.2  
1911      6               11.7              163.3  
1911      7               16.9               38.8  
1911      8               16.7               59.3  
1911      9               12.3              107.3  
1911     10                6.4              123.1  
1911     11                3.7               70.5  
1911     12                1.1              152.6  
1912      1               -0.2               95.0  
1912      2                2.1               51.5  
1912      3                3.1              118.2  
1912      4                3.2               38.7  
1912      5                9.7              152.3  
1912      6               11.6              100.7  
1912      7               13.4              124.0  
1912      8               10.0              256.5  
1912      9                5.3               72.3  
1912     10                4.6              181.2  
1912     11               -1.7              122.0  
1912     12               -1.5               68.4  
1913      1                0.6              115.4  
1913      2               -1.8               41.3  
1913      3                2.4               94.7  
1913      4                4.0              106.6  
1913      5                8.6               92.7  
1913      6               11.2               75.2  
1913      7               10.7              119.4  
1913      8               12.4              100.4  
1913      9                9.6              135.8  
1913     10                7.4               53.4  
1913     11                4.4              164.9  
1913     12               -2.2               76.3  
1914      1               -7.7               71.0  
1914      2                0.3               41.4  
1914      3                1.1              252.4  
1914      4                6.7               93.4  
1914      5                6.8              156.5  
1914      6               10.7              111.1  
1914      7               12.3              210.4  
1914      8               13.4              203.7  
1914      9                9.6              143.3  
1914     10                5.5               41.7  
1914     11                0.8               89.2  
1914     12                1.0              135.5  
1915      1               -3.5              160.3  
1915      2               -2.1               89.3  
1915      3               -0.7              112.9  
1915      4                2.9              144.8  
1915      5               11.4              112.5  
1915      6               14.1              108.7  
1915      7               13.0              147.9  
1915      8               11.7              132.9  
1915      9                9.0               93.6  
1915     10                3.7               39.2  
1915     11               -1.5              177.5  
1915     12                2.6              176.8  
1916      1                0.2              107.0  
1916      2               -1.2              198.1  
1916      3                0.7               92.0  
1916      4                4.4              155.2  
1916      5                9.6               81.4  
1916      6                9.3              194.8  
1916      7               12.9              150.7  
1916      8               13.0              106.0  
1916      9                8.1              130.4  
1916     10                5.8              143.5  
1916     11                2.0              137.2  
1916     12               -0.5              181.7  
1917      1               -5.6               65.0  
1917      2               -4.7               14.5  
1917      3               -1.8              108.6  
1917      4                1.1              120.3  
1917      5               12.0              162.6  
1917      6               13.9              209.3  
1917      7               13.8              118.2  
1917      8               12.2              272.6  
1917      9               12.3               77.3  
1917     10                3.5              251.2  
1917     11                1.0               85.7  
1917     12               -6.1               34.1  
1918      1               -1.4               85.0  
1918      2               -1.0               33.8  
1918      3                0.8               53.2  
1918      4                3.9              123.3  
1918      5               10.2               54.6  
1918      6                9.6              173.2  
1918      7               13.5               54.9  
1918      8               12.6               69.4  
1918      9               10.3              246.1  
1918     10                3.8               64.0  
1918     11                1.6               76.0  
1918     12                1.4              278.6  
1919      1               -2.7               40.5  
1919      2               -3.2              150.4  
1919      3                0.3              154.2  
1919      4                1.7              155.1  
1919      5                9.1               62.7  
1919      6               11.9              167.7  
1919      7               10.6              139.7  
1919      8               14.7               42.1  
1919      9               12.0               55.3  
1919     10                2.2               85.1  
1919     11               -0.7              185.7  
1919     12               -1.1              277.0  
1920      1               -0.7              156.2  
1920      2                0.2               23.2  
1920      3                2.6               84.5  
1920      4                4.9              112.3  
1920      5               11.5               70.9  
1920      6               11.5              134.9  
1920      7               13.6              100.4  
1920      8               11.3               93.2  
1920      9               10.3              163.8  
1920     10                6.2               26.5  
1920     11                1.5                6.7  
1920     12               -1.9               55.7  
1921      1                1.0               92.1  
1921      2               -2.3                4.3  
1921      3                1.6               18.6  
1921      4                3.3               43.0  
1921      5                9.6              185.1  
1921      6               12.2               68.6  
1921      7               16.3               63.8  
1921      8               13.1              117.1  
1921      9               12.3               65.7  
1921     10                8.4               25.5  
1921     11               -0.7               78.3  
1921     12               -1.3               72.3  
1922      1               -3.2              177.9  
1922      2               -1.5              134.7  
1922      3                1.4              102.2  
1922      4                2.3              284.7  
1922      5               11.6               59.8  
1922      6               12.1              105.8  
1922      7               12.5              148.7  
1922      8               12.9              122.2  
1922      9                7.7              126.5  
1922     10                4.1               86.6  
1922     11               -0.4              138.8  
1922     12               -2.1              191.2  
1923      1               -3.5               46.7  
1923      2                0.2              131.1  
1923      3                1.3               95.8  
1923      4                4.8               79.8  
1923      5                8.3              181.6  
1923      6                8.1               88.3  
1923      7               16.3               42.9  
1923      8               14.1               94.2  
1923      9                9.8               79.2  
1923     10                8.2              217.0  
1923     11                0.7              176.8  
1923     12               -2.5              246.0  
1924      1               -3.1               49.3  
1924      2               -5.3               45.0  
1924      3                0.2               55.5  
1924      4                4.5              131.3  
1924      5               10.4              206.0  
1924      6               12.0              144.7  
1924      7               13.9              143.1  
1924      8               10.3              133.4  
1924      9               10.1              141.9  
1924     10                6.3              130.4  
1924     11                2.5               20.7  
1924     12               -0.7               31.1  
1925      1               -0.4               45.8  
1925      2               -0.3               79.3  
1925      3               -2.7               44.8  
1925      4                3.9              147.1  
1925      5                8.9              152.9  
1925      6               12.5               53.9  
1925      7               13.5              200.0  
1925      8               13.4              150.3  
1925      9                7.3              157.9  
1925     10                7.2               58.1  
1925     11               -0.5               91.5  
1925     12               -2.4              178.6  
1926      1               -2.4               92.6  
1926      2                3.0               57.8  
1926      3                1.4              129.4  
1926      4                5.8               70.0  
1926      5                6.5              158.9  
1926      6                9.4              142.7  
1926      7               12.8              148.5  
1926      8               13.3               57.0  
1926      9               11.9               50.7  
1926     10                7.0              170.0  
1926     11                4.4               85.0  
1926     12               -3.9               63.8  
1927      1               -2.0               81.3  
1927      2               -2.8               56.9  
1927      3                1.3              104.4  
1927      4                4.8              168.3  
1927      5                9.6              121.2  
1927      6               11.8              133.2  
1927      7               13.7              185.7  
1927      8               12.5              291.9  
1927      9               10.1              176.4  
1927     10                5.8               45.7  
1927     11                2.0               75.8  
1927     12               -1.4               55.2  
1928      1               -0.8               85.9  
1928      2               -0.4              112.5  
1928      3                2.1               86.9  
1928      4                4.0               82.6  
1928      5                6.4              153.4  
1928      6               12.6               65.5  
1928      7               17.0               68.4  
1928      8               14.8              122.3  
1928      9               10.5               75.3  
1928     10                6.0              164.6  
1928     11                2.8              206.3  
1928     12               -2.7               79.6  
1929      1               -6.5               24.7  
1929      2               -7.5               18.9  
1929      3                1.3                5.5  
1929      4                1.9               90.5  
1929      5                9.1              102.3  
1929      6               12.5              222.3  
1929      7               15.2               95.5  
1929      8               13.4               78.8  
1929      9               13.0               41.9  
1929     10                7.0               91.0  
1929     11                2.2               67.4  
1929     12                1.5              132.7  
1930      1                1.3               48.9  
1930      2               -2.9               44.2  
1930      3                2.3               76.9  
1930      4                4.8               98.8  
1930      5                7.2              227.5  
1930      6               14.5              159.6  
1930      7               12.2              266.0  
1930      8               13.3              120.8  
1930      9               11.1              119.6  
1930     10                6.3              202.4  
1930     11                4.2              175.9  
1930     12               -1.1               91.0  
1931      1               -3.2              164.1  
1931      2               -5.1               94.4  
1931      3               -0.5              113.0  
1931      4                3.4              100.0  
1931      5               11.3               87.8  
1931      6               14.3               95.2  
1931      7               13.1              205.5  
1931      8               11.9              236.3  
1931      9                5.8              114.4  
1931     10                5.4               98.8  
1931     11                3.7               38.9  
1931     12               -3.5               59.1  
1932      1               -0.6               71.1  
1932      2               -5.7                1.1  
1932      3               -0.9               90.0  
1932      4                2.6               90.8  
1932      5                7.7              173.3  
1932      6               10.9              143.2  
1932      7               12.9              157.4  
1932      8               16.1               43.8  
1932      9               13.1              110.2  
1932     10                5.7              201.1  
1932     11                2.5               65.0  
1932     12                0.2               18.5  
1933      1               -4.5               29.8  
1933      2               -2.4               74.8  
1933      3                2.2               73.3  
1933      4                5.2               45.3  
1933      5                7.6              181.2  
1933      6                9.5              186.2  
1933      7               15.0               58.5  
1933      8               15.2               71.1  
1933      9               11.7              116.9  
1933     10                7.3              150.7  
1933     11                0.0               88.6  
1933     12               -5.9               18.5  
1934      1               -3.5              107.1  
1934      2               -2.9               21.1  
1934      3                0.3              107.0  
1934      4                6.9               35.0  
1934      5               10.4               40.8  
1934      6               12.8              133.7  
1934      7               15.2              125.0  
1934      8               12.1              156.2  
1934      9               12.0               40.2  
1934     10                5.9              132.5  
1934     11                0.9               39.6  
1934     12                3.2               98.6  
1935      1               -5.3               78.4  
1935      2               -2.1              135.4  
1935      3               -0.2               52.1  
1935      4                3.6              192.4  
1935      5                7.5               81.1  
1935      6               13.8               85.1  
1935      7               15.0               81.5  
1935      8               12.8              163.8  
1935      9               11.2              143.7  
1935     10                5.4              188.4  
1935     11                2.7              103.6  
1935     12               -2.5              241.4  
1936      1                1.8              168.8  
1936      2               -1.4               66.8  
1936      3                2.6               27.4  
1936      4                3.4              135.8  
1936      5                9.3              104.4  
1936      6               11.5              166.9  
1936      7               12.5              243.4  
1936      8               13.1               84.2  
1936      9               10.2              180.0  
1936     10                2.5              108.6  
1936     11                1.5              121.8  
1936     12               -0.9              114.5  
1937      1                0.7               93.9  
1937      2                0.4              212.2  
1937      3               -0.3              160.9  
1937      4                4.2              144.2  
1937      5               10.6              138.4  
1937      6               12.5              189.2  
1937      7               14.3               34.0  
1937      8               13.4              129.0  
1937      9                9.7              162.6  
1937     10                6.8               49.6  
1937     11                1.3               73.7  
1937     12               -2.9               59.2  
1938      1               -1.6              155.4  
1938      2               -3.5               94.2  
1938      3                2.5               35.8  
1938      4                1.2               17.5  
1938      5                7.2              113.8  
1938      6               13.3              165.3  
1938      7               13.0              180.1  
1938      8               12.9              138.7  
1938      9               10.7               82.1  
1938     10                6.1               59.9  
1938     11                4.5               45.7  
1938     12               -3.0              115.3  
1939      1               -0.7              128.0  
1939      2               -2.2               30.6  
1939      3               -2.4              211.9  
1939      4                5.2              139.1  
1939      5                5.8              183.2  
1939      6               12.3              147.2  
1939      7               12.2              187.5  
1939      8               13.3              123.0  
1939      9                9.6              107.7  
1939     10                5.0              307.3  
1939     11                4.1              174.4  
1939     12               -2.5               49.1  
1940      1               -5.9               49.4  
1940      2               -0.7               76.0  
1940      3                1.1               97.3  
1940      4                4.4              125.0  
1940      5                8.8               78.9  
1940      6               12.0              100.9  
1940      7               12.1              176.3  
1940      8               11.6              100.0  
1940      9               10.0              247.6  
1940     10                5.6               64.8  
1940     11                2.3              186.6  
1940     12               -7.1              229.1  
1941      1               -4.9               76.7  
1941      2               -2.3              141.9  
1941      3                0.9               58.0  
1941      4                2.8               74.7  
1941      5                5.2              139.1  
1941      6               12.6              139.5  
1941      7               15.1               54.8  
1941      8               11.9              150.7  
1941      9                9.3               28.5  
1941     10                4.6              169.2  
1941     11                0.9               66.1  
1941     12               -3.2               69.9  
1942      1               -7.0              195.9  
1942      2               -6.8               31.6  
1942      3                2.8               71.3  
1942      4                5.2              108.8  
1942      5                8.6              148.4  
1942      6               12.6              120.6  
1942      7               13.1              146.1  
1942      8               13.7              151.3  
1942      9               12.0              168.9  
1942     10                8.6               91.8  
1942     11               -0.2               35.7  
1942     12               -0.4               45.1  
1943      1               -1.0              155.6  
1943      2               -0.9               59.4  
1943      3                3.2               27.4  
1943      4                5.9               80.4  
1943      5               10.0              154.8  
1943      6               10.8              140.6  
1943      7               14.4              213.1  
1943      8               14.4               54.7  
1943      9               11.3              130.9  
1943     10                8.5               13.3  
1943     11               -0.5              202.7  
1943     12               -1.2               35.0  
1944      1               -0.8               88.4  
1944      2               -5.7              139.0  
1944      3               -2.7               62.5  
1944      4                6.1               36.2  
1944      5                8.4               43.0  
1944      6               10.8              106.4  
1944      7               13.4              101.7  
1944      8               16.7              195.8  
1944      9                9.7              176.4  
1944     10                4.4              122.1  
1944     11                1.0              327.2  
1944     12               -2.5              130.1  
1945      1               -7.6              154.2  
1945      2                1.2              107.3  
1945      3                2.4               76.4  
1945      4                6.7               83.9  
1945      5               11.3              156.4  
1945      6               14.6              105.8  
1945      7               15.5               76.3  
1945      8               12.7              155.9  
1945      9               11.2              110.1  
1945     10                6.3               60.4  
1945     11               -0.5               66.1  
1945     12               -1.4              166.0  
1946      1               -4.3              101.2  
1946      2               -0.1              164.5  
1946      3                2.0               48.6  
1946      4                7.3               41.7  
1946      5                9.8              134.9  
1946      6               11.2              203.5  
1946      7               14.7               76.4  
1946      8               13.0              176.7  
1946      9               11.0              152.7  
1946     10                5.6               63.4  
1946     11                1.9               74.0  
1946     12               -4.5               74.5  
1947      1               -5.3               86.9  
1947      2               -2.9               31.6  
1947      3                2.7              193.8  
1947      4                7.1               61.4  
1947      5               11.2               37.4  
1947      6               14.6              127.7  
1947      7               16.3              111.7  
1947      8               16.4               86.8  
1947      9               12.7               77.4  
1947     10                7.3               51.2  
1947     11                3.6              188.1  
1947     12               -1.9              136.9  
1948      1                0.7              215.0  
1948      2               -1.8               74.0  
1948      3                5.1               23.5  
1948      4                5.4              102.2  
1948      5               10.2              135.7  
1948      6               11.5              163.9  
1948      7               11.0              244.2  
1948      8               13.5              206.2  
1948      9               10.4               93.2  
1948     10                6.9               64.0  
1948     11                3.2               61.8  
1948     12               -0.4               46.1  
1949      1               -2.0               96.6  
1949      2               -1.7               15.8  
1949      3               -1.1               67.8  
1949      4                7.8              113.2  
1949      5                7.3              118.7  
1949      6               12.3               61.9  
1949      7               16.2               40.0  
1949      8               14.7               64.3  
1949      9               14.4               65.3  
1949     10                8.5               80.5  
1949     11                1.3               90.4  
1949     12                1.0               87.8  
1950      1               -2.3               55.0  
1950      2                0.6              126.1  
1950      3                2.3               12.6  
1950      4                2.6              115.5  
1950      5               10.8              188.6  
1950      6               15.5               88.9  
1950      7               16.6              133.8  
1950      8               14.0              183.5  
1950      9               10.0              126.5  
1950     10                6.2               48.6  
1950     11                2.0              443.4  
1950     12               -4.3               62.8  
1951      1               -1.0              127.6  
1951      2               -0.9              115.6  
1951      3               -0.5              144.9  
1951      4                4.5               63.6  
1951      5                7.9              127.0  
1951      6               12.0              184.5  
1951      7               14.1              146.1  
1951      8               13.2              136.5  
1951      9               11.7               92.8  
1951     10                6.3               59.2  
1951     11                3.7              205.4  
1951     12               -0.1               58.7  
1952      1               -3.5              148.8  
1952      2               -4.1               97.5  
1952      3                2.4              137.1  
1952      4                6.9               80.0  
1952      5               10.0               48.4  
1952      6               13.6               73.4  
1952      7               16.8               81.6  
1952      8               14.9              119.1  
1952      9                7.4              138.8  
1952     10                5.6              218.5  
1952     11                0.7              242.1  
1952     12               -2.3              180.6  
1953      1               -6.1               19.8  
1953      2               -3.7               74.4  
1953      3                1.5               10.1  
1953      4                5.8               80.7  
1953      5               10.4              102.2  
1953      6               10.8              258.4  
1953      7               14.2              122.8  
1953      8               13.8               47.3  
1953      9               11.4              130.5  
1953     10                7.7               43.8  
1953     11                2.1               39.8  
1953     12                1.5               54.6  
1954      1               -5.4              113.4  
1954      2               -3.8               76.9  
1954      3                2.1               44.6  
1954      4                2.3               80.8  
1954      5                7.8               82.2  
1954      6               12.3               56.2  
1954      7               11.4               87.8  
1954      8               11.8              247.4  
1954      9               10.7              227.6  
1954     10                6.5              104.7  
1954     11                3.4               82.8  
1954     12               -0.2              220.4  
1955      1               -0.4              228.0  
1955      2               -2.8              180.9  
1955      3               -1.2               38.9  
1955      4                4.8               22.5  
1955      5                7.6              168.0  
1955      6               12.3              177.9  
1955      7               14.0              104.0  
1955      8               12.8              128.5  
1955      9                9.6              101.2  
1955     10                4.9               45.7  
1955     11                0.7               30.8  
1955     12                1.5              190.4  
1956      1               -0.9              131.7  
1956      2              -11.7               13.6  
1956      3                1.0               60.3  
1956      4                2.5              146.5  
1956      5                9.5              162.9  
1956      6                9.6               99.9  
1956      7               12.7              258.7  
1956      8               11.2              233.0  
1956      9               11.8              136.3  
1956     10                4.7              141.8  
1956     11               -1.1               77.5  
1956     12               -0.4               37.7  
1957      1               -3.9               55.0  
1957      2                1.2              236.6  
1957      3                5.1               42.7  
1957      4                4.9               49.6  
1957      5                5.7               75.1  
1957      6               12.7              214.1  
1957      7               14.0              182.2  
1957      8               12.1              120.8  
1957      9                9.4              180.1  
1957     10                6.1               38.8  
1957     11                1.8               43.2  
1957     12               -1.8               56.1  
1958      1               -2.5              144.7  
1958      2                0.3              189.1  
1958      3               -2.0               73.4  
1958      4                1.8               86.5  
1958      5               11.1              127.0  
1958      6               11.3              151.9  
1958      7               14.4              124.6  
1958      8               14.3              132.7  
1958      9               12.8               55.2  
1958     10                5.8              163.9  
1958     11                1.3               56.9  
1958     12                0.3               88.9  
1959      1               -2.3              165.2  
1959      2                0.0                2.9  
1959      3                4.1              133.6  
1959      4                5.5              142.8  
1959      5                9.5               43.4  
1959      6               12.4              198.7  
1959      7               16.6               39.3  
1959      8               13.4              103.6  
1959      9               12.1               56.6  
1959     10                6.2              103.7  
1959     11                1.1               54.7  
1959     12                0.2              160.7  
1960      1               -2.3               96.5  
1960      2               -0.2               91.4  
1960      3                3.1               81.6  
1960      4                4.3               44.6  
1960      5               10.3               94.5  
1960      6               13.2              215.9  
1960      7               11.7              140.2  
1960      8               12.9              174.2  
1960      9                9.0              171.4  
1960     10                6.1              155.0  
1960     11                3.5              142.9  
1960     12               -2.5               64.2  
1961      1               -2.1               99.8  
1961      2                2.1              125.4  
1961      3                2.9               37.9  
1961      4                7.6              146.0  
1961      5                7.4               70.6  
1961      6               12.7              134.6  
1961      7               12.7              162.2  
1961      8               12.9              123.7  
1961      9               14.1               46.9  
1961     10                7.3              113.1  
1961     11                1.1               53.1  
1961     12                0.2              185.3  
1962      1               -0.9              166.1  
1962      2               -3.4              116.7  
1962      3               -2.5              148.7  
1962      4                3.8               98.3  
1962      5                6.5              172.3  
1962      6               11.2               60.4  
1962      7               12.9               89.2  
1962      8               14.5              111.2  
1962      9               10.4               82.8  
1962     10                7.1               24.4  
1962     11               -0.5               35.1  
1962     12               -5.1              179.1  
1963      1               -7.1               48.2  
1963      2               -5.9               44.2  
1963      3                0.1              138.0  
1963      4                5.3               81.0  
1963      5                7.5               67.4  
1963      6               11.6              246.8  
1963      7               14.7               72.7  
1963      8               12.1              216.0  
1963      9               11.1              109.3  
1963     10                6.3               62.2  
1963     11                4.7              224.4  
1963     12               -3.2                4.5  
1964      1               -3.8               25.2  
1964      2                0.0               29.6  
1964      3                0.4               99.6  
1964      4                5.7               96.7  
1964      5               10.8              117.5  
1964      6               13.4               74.7  
1964      7               16.1               13.6  
1964      8               13.0               83.8  
1964      9               11.7               92.4  
1964     10                4.5              139.7  
1964     11                2.2               75.4  
1964     12               -2.1               45.1  
1965      1               -2.0              119.4  
1965      2               -6.0               53.5  
1965      3                0.7              140.6  
1965      4                3.0              157.0  
1965      5                8.0              175.1  
1965      6               12.6              115.4  
1965      7               12.2              189.0  
1965      8               12.4               93.8  
1965      9                8.8              206.0  
1965     10                7.1               33.2  
1965     11                1.3              176.7  
1965     12                0.1              249.7  
1966      1               -3.8              114.6  
1966      2                3.0              153.1  
1966      3               -0.4              117.8  
1966      4                5.9              135.0  
1966      5                9.2              155.5  
1966      6               12.9              133.6  
1966      7               12.0              101.1  
1966      8               12.1              208.0  
1966      9               11.8               60.3  
1966     10                8.9              122.6  
1966     11               -0.5              102.8  
1966     12               -1.6              204.9  
1967      1               -2.8               88.0  
1967      2                0.1               78.8  
1967      3                2.0              111.7  
1967      4                3.4               54.3  
1967      5                8.4              203.4  
1967      6               11.1               65.8  
1967      7               16.0              122.3  
1967      8               13.3              135.5  
1967      9               10.3               97.9  
1967     10                9.1               87.9  
1967     11                2.8              121.8  
1967     12               -4.1              109.8  
1968      1               -4.0              185.0  
1968      2               -0.7               62.8  
1968      3                0.6               79.8  
1968      4                5.8              152.1  
1968      5                7.6               97.1  
1968      6               11.5               66.1  
1968      7               13.7              144.9  
1968      8               11.8              323.9  
1968      9                9.7              239.5  
1968     10                9.2               68.8  
1968     11                2.0               74.8  
1968     12               -1.8              116.9  
1969      1               -1.1               58.7  
1969      2               -4.1               99.9  
1969      3                0.9               85.8  
1969      4                3.7              156.1  
1969      5                9.6              117.8  
1969      6                9.8              220.4  
1969      7               14.9              114.2  
1969      8               12.6              148.8  
1969      9               11.3               90.7  
1969     10                7.6                1.7  
1969     11                2.1              131.5  
1969     12               -6.4               83.1  
1970      1               -1.6               83.7  
1970      2               -2.5              368.4  
1970      3               -2.0              114.9  
1970      4                1.8              184.8  
1970      5                7.7              118.5  
1970      6               13.2              129.3  
1970      7               13.3              187.4  
1970      8               13.6              164.8  
1970      9               11.4              102.1  
1970     10                6.6              140.4  
1970     11                4.9              128.2  
1970     12               -1.5               53.8  
1971      1               -1.7               61.6  
1971      2               -1.2               69.1  
1971      3               -1.9               59.4  
1971      4                7.7               35.6  
1971      5               10.3              106.6  
1971      6               10.4              164.5  
1971      7               15.5               45.6  
1971      8               15.0              157.7  
1971      9               10.5               38.3  
1971     10                8.0               23.7  
1971     11               -0.3              177.9  
1971     12               -1.1               45.0  
1972      1               -1.3               45.2  
1972      2                1.4               39.6  
1972      3                3.2               66.0  
1972      4                3.5              130.1  
1972      5                7.4              124.9  
1972      6               10.7              165.8  
1972      7               13.2               85.5  
1972      8               13.0              110.8  
1972      9                7.7               45.1  
1972     10                6.1               57.9  
1972     11                2.3              296.1  
1972     12               -0.8               36.8  
1973      1               -2.0               52.4  
1973      2               -3.7               99.1  
1973      3               -0.3               37.9  
1973      4                1.5              110.8  
1973      5               10.0              137.4  
1973      6               12.7              221.9  
1973      7               13.4              147.8  
1973      8               15.6               61.7  
1973      9               11.7               57.9  
1973     10                5.7               85.6  
1973     11                2.0              173.1  
1973     12               -2.2               87.7  
1974      1                1.4               61.6  
1974      2                0.4              107.6  
1974      3                3.9               67.2  
1974      4                5.2               31.2  
1974      5                7.5              143.0  
1974      6               10.6              120.5  
1974      7               12.9               67.9  
1974      8               14.5               68.9  
1974      9               10.2              149.8  
1974     10                0.2              251.5  
1974     11                1.3              161.9  
1974     12                0.5              133.3  
1975      1                1.5              143.0  
1975      2                0.8               18.3  
1975      3               -0.5               88.4  
1975      4                3.9               83.9  
1975      5                8.0               91.4  
1975      6               10.4              152.8  
1975      7               14.5               81.0  
1975      8               14.6              170.1  
1975      9               12.5              159.5  
1975     10                5.5               47.3  
1975     11                1.0              173.9  
1975     12               -2.1               46.7  
1976      1               -2.0               90.5  
1976      2                0.8               57.6  
1976      3                0.4               43.6  
1976      4                4.4               28.5  
1976      5               10.0               72.0  
1976      6               15.3               31.2  
1976      7               15.1              151.1  
1976      8               12.8               89.4  
1976      9                9.3              115.5  
1976     10                7.5               80.5  
1976     11                0.6              104.6  
1976     12               -2.3              145.8  
1977      1               -1.6              161.8  
1977      2                1.2              229.8  
1977      3                4.1               65.6  
1977      4                2.5              188.6  
1977      5                8.0              106.0  
1977      6               11.2              216.4  
1977      7               13.3              240.3  
1977      8               12.3              149.9  
1977      9                9.4               31.1  
1977     10                9.0               98.0  
1977     11                1.1              170.5  
1977     12                0.7              128.7  
1978      1               -2.6              132.5  
1978      2               -1.6              184.2  
1978      3                1.4              180.6  
1978      4                2.8               93.2  
1978      5                7.3              145.6  
1978      6               10.7              124.8  
1978      7               12.9              161.7  
1978      8               12.2              167.2  
1978      9               10.1               99.8  
1978     10                6.6               41.6  
1978     11                2.6               12.7  
1978     12                0.7              157.3  
1979      1               -4.5              154.9  
1979      2               -0.7              125.0  
1979      3                1.5              186.6  
1979      4                2.4               97.3  
1979      5                8.5              121.1  
1979      6               12.6              137.9  
1979      7               13.5               87.8  
1979      8               12.0              160.4  
1979      9               10.9               57.9  
1979     10                8.7               95.0  
1979     11                0.9              180.7  
1979     12                0.6              179.2  
1980      1               -3.9              129.7  
1980      2                0.6              108.0  
1980      3                1.2              104.2  
1980      4                2.0              107.9  
1980      5                7.2              165.9  
1980      6               10.2              268.2  
1980      7               11.8              198.7  
1980      8               14.1              102.7  
1980      9               11.8               82.0  
1980     10                5.7              183.1  
1980     11                0.4               71.6  
1980     12               -3.8              128.5  
1981      1               -4.8              146.2  
1981      2               -4.7               61.0  
1981      3                3.2              175.1  
1981      4                6.0               37.3  
1981      5                8.2              151.0  
1981      6               11.5               80.1  
1981      7               12.7              150.0  
1981      8               14.1               45.8  
1981      9               11.6              147.1  
1981     10                6.5              243.0  
1981     11                1.7              102.5  
1981     12               -1.7              270.2  
1982      1                0.2              151.9  
1982      2               -0.8               33.3  
1982      3                0.2              117.4  
1982      4                3.7               42.6  
1982      5                9.2              140.3  
1982      6               12.8              207.6  
1982      7               16.1              207.3  
1982      8               13.5              137.5  
1982      9               13.0               82.4  
1982     10                6.7              177.1  
1982     11                3.6              123.7  
1982     12               -0.1              177.9  
1983      1               -0.1              168.8  
1983      2               -4.0               88.7  
1983      3                1.4               88.9  
1983      4                5.0              161.1  
1983      5                6.5              325.1  
1983      6               13.0              103.0  
1983      7               18.9               81.9  
1983      8               14.4              185.5  
1983      9               11.7              180.2  
1983     10                7.0               83.5  
1983     11                2.0              171.3  
1983     12               -0.4               93.1  
1984      1               -1.6              188.6  
1984      2               -3.4              141.8  
1984      3               -1.5               65.9  
1984      4                3.3               29.6  
1984      5                5.7              170.2  
1984      6               11.1               81.9  
1984      7               14.4               61.7  
1984      8               13.6               59.3  
1984      9                9.5              225.1  
1984     10                7.7              111.1  
1984     11                5.2               91.7  
1984     12                0.2               87.5  
1985      1               -7.2               96.2  
1985      2               -0.9               73.8  
1985      3               -0.2               66.1  
1985      4                5.0              138.6  
1985      5                8.5              234.1  
1985      6               10.7              145.8  
1985      7               15.6               98.1  
1985      8               13.9              106.5  
1985      9               12.3               70.7  
1985     10                8.1               12.5  
1985     11               -1.7               76.1  
1985     12                1.4               64.9  
1986      1               -2.2              232.0  
1986      2               -6.2               43.3  
1986      3                0.8               87.5  
1986      4                2.4              155.9  
1986      5               10.8              158.5  
1986      6               12.6               95.5  
1986      7               14.3               83.4  
1986      8               13.6              158.0  
1986      9               11.5               43.8  
1986     10                8.5              124.1  
1986     11                3.6               86.1  
1986     12               -0.6              169.3  
1987      1               -6.7               75.4  
1987      2               -1.3              125.4  
1987      3               -1.9              123.8  
1987      4                5.9               99.0  
1987      5                6.2              173.3  
1987      6               10.7              277.0  
1987      7               14.7              217.4  
1987      8               14.2               93.9  
1987      9               13.7              219.0  
1987     10                9.2              105.7  
1987     11                2.5              160.3  
1987     12                1.7               96.2  
1988      1                2.0              140.5  
1988      2               -1.4              142.0  
1988      3               -0.3              338.6  
1988      4                5.8               66.1  
1988      5               10.4              121.6  
1988      6               12.1              142.2  
1988      7               14.2              112.8  
1988      8               14.8              149.6  
1988      9               11.0              122.6  
1988     10                9.1              166.4  
1988     11                1.5               55.1  
1988     12                0.2              179.5  
1989      1                0.4               30.7  
1989      2                1.5              123.4  
1989      3                4.2               81.7  
1989      4                4.0              149.3  
1989      5               11.0               77.2  
1989      6               11.6               49.7  
1989      7               15.2               94.3  
1989      8               14.1              141.2  
1989      9               10.9               66.0  
1989     10                8.1               92.5  
1989     11                2.1               76.0  
1989     12                1.8              109.2  
1990      1               -0.2               59.3  
1990      2                4.0              259.8  
1990      3                3.7               37.7  
1990      4                3.9              103.1  
1990      5               11.2              147.2  
1990      6               11.6              257.6  
1990      7               15.3               53.9  
1990      8               15.3               47.9  
1990      9               10.3              150.0  
1990     10                9.0              146.2  
1990     11                1.8              166.0  
1990     12               -2.5               95.1  
1991      1               -2.0               67.4  
1991      2               -3.2               23.0  
1991      3                4.7               89.0  
1991      4                3.8               54.0  
1991      5                6.2               92.5  
1991      6               11.3              188.1  
1991      7               16.3              147.8  
1991      8               16.3               22.3  
1991      9               13.3              124.5  
1991     10                6.5              117.3  
1991     11                2.2              137.4  
1991     12               -1.8              157.1  
1992      1               -2.7               20.9  
1992      2               -0.4              100.5  
1992      3                2.3              149.5  
1992      4                5.0              124.1  
1992      5               11.0               80.6  
1992      6               12.1              132.2  
1992      7               15.5              126.3  
1992      8               16.9              108.3  
1992      9               11.5               95.7  
1992     10                4.9              196.0  
1992     11                4.7              270.4  
1992     12                0.2               85.2  
1993      1                1.7               96.8  
1993      2               -1.7               29.8  
1993      3                1.1               22.5  
1993      4                6.6              120.0  
1993      5               10.5              100.3  
1993      6               13.4              147.2  
1993      7               13.7              127.0  
1993      8               14.7              162.8  
1993      9               10.1              239.5  
1993     10                6.1              195.6  
1993     11               -0.1               35.7  
1993     12                1.2              211.8  
1994      1               -0.8              219.2  
1994      2                0.1               77.4  
1994      3                5.6              120.0  
1994      4                3.4              168.6  
1994      5               10.1              191.7  
1994      6               13.4               89.3  
1994      7               17.8              126.1  
1994      8               16.1               85.3  
1994      9               10.9              192.8  
1994     10                8.1              116.8  
1994     11                6.1               53.9  
1994     12                1.4              185.5  
1995      1               -2.2              279.7  
1995      2                1.9              185.1  
1995      3                0.1              206.8  
1995      4                5.3               62.0  
1995      5                9.6              197.4  
1995      6               11.3               67.7  
1995      7               17.1              131.2  
1995      8               14.6              141.4  
1995      9                8.8              164.4  
1995     10               10.9               22.3  
1995     11                2.3              127.2  
1995     12                0.0              160.0  
1996      1                1.5               24.3  
1996      2               -2.8               65.8  
1996      3                0.0               32.4  
1996      4                6.2               20.8  
1996      5                9.1              135.9  
1996      6               13.5              115.3  
1996      7               13.9              144.0  
1996      8               13.3              150.9  
1996      9                8.1               74.0  
1996     10                6.9              134.1  
1996     11                2.0              239.1  
1996     12               -1.2               73.4  
1997      1               -1.1               52.7  
1997      2                1.8              119.9  
1997      3                4.4               41.5  
1997      4                4.7               91.8  
1997      5               10.3              102.7  
1997      6               12.3              192.3  
1997      7               13.5              176.7  
1997      8               16.4              107.6  
1997      9               12.7               51.3  
1997     10                7.0               53.6  
1997     11                3.5               93.9  
1997     12                0.0              181.7  
1998      1               -0.6              115.9  
1998      2                1.3               35.9  
1998      3                2.1               50.3  
1998      4                4.5              119.1  
1998      5               10.7               51.4  
1998      6               13.3               73.0  
1998      7               14.8               92.0  
1998      8               14.6              127.0  
1998      9               10.5              267.4  
1998     10                6.6              181.6  
1998     11               -1.4              125.9  
1998     12               -1.3               64.3  
1999      1                0.0               89.6  
1999      2               -2.6              246.3  
1999      3                2.3               81.8  
1999      4                5.0              209.1  
1999      5               12.0              188.9  
1999      6               11.6              150.2  
1999      7               15.4              147.2  
1999      8               14.7               97.8  
1999      9               13.4              141.3  
1999     10                7.5              141.3  
1999     11               -0.1               78.1  
1999     12               -0.6              209.4  
2000      1               -2.8               49.9  
2000      2                0.5              184.5  
2000      3                2.2               49.9  
2000      4                6.3               88.2  
2000      5               10.9              139.7  
2000      6               14.2               61.7  
2000      7               12.4              193.5  
2000      8               15.4               96.4  
2000      9               12.0               97.5  
2000     10                7.6              137.6  
2000     11                3.2              136.2  
2000     12                2.3              108.7  
2001      1                0.2              117.9  
2001      2                0.1               77.8  
2001      3                4.4              305.6  
2001      4                3.3              204.5  
2001      5               11.5              112.9  
2001      6               11.8              148.8  
2001      7               15.1              182.7  
2001      8               15.7              133.8  
2001      9                8.2              197.9  
2001     10               11.1              103.0  
2001     11                0.3              120.1  
2001     12               -3.3               68.5  
2002      1               -1.3               41.3  
2002      2                2.2              131.0  
2002      3                3.7              106.8  
2002      4                5.5               45.7  
2002      5                8.9              168.5  
2002      6               15.2               73.2  
2002      7               14.2              150.9  
2002      8               14.0              303.6  
2002      9               10.1               97.1  
2002     10                7.9              198.6  
2002     11                4.1              375.8  
2002     12                2.0              131.7  
2003      1               -2.7              106.0  
2003      2               -4.9               40.3  
2003      3                3.7               33.0  
2003      4                5.8               87.2  
2003      5               10.9              102.3  
2003      6               18.3               51.9  
2003      7               16.3               99.7  
2003      8               18.9               81.1  
2003      9               11.2               80.1  
2003     10                4.5              187.2  
2003     11                4.3               60.0  
2003     12                0.0               51.2  
2004      1               -1.4              206.7  
2004      2               -1.4               35.2  
2004      3                1.0               70.0  
2004      4                5.6               59.0  
2004      5                8.4               56.2  
2004      6               13.1              129.6  
2004      7               14.7               70.3  
2004      8               15.1              255.5  
2004      9               12.3              102.8  
2004     10                9.7              192.0  
2004     11                2.0               43.5  
2004     12               -0.4               69.4  
2005      1               -1.8               90.5  
2005      2               -4.4               87.2  
2005      3                1.3               43.6  
2005      4                6.0              130.0  
2005      5               10.6              115.9  
2005      6               15.3               76.4  
2005      7               15.3               79.0  
2005      8               13.5              135.0  
2005      9               12.6               88.5  
2005     10               10.2               78.7  
2005     11                1.9               47.8  
2005     12               -3.7              105.8  
2006      1               -3.8               27.6  
2006      2               -2.5               75.0  
2006      3                0.1              227.2  
2006      4                5.1              149.2  
2006      5                9.8              223.2  
2006      6               14.4               64.7  
2006      7               19.0               49.0  
2006      8               11.5              275.7  
2006      9               14.6              193.9  
2006     10               10.9               89.1  
2006     11                5.5              100.1  
2006     12                1.2               92.8  
2007      1                1.4              138.1  
2007      2                3.0              122.1  
2007      3                2.4              167.4  
2007      4               10.3               19.1  
2007      5               11.1              237.3  
2007      6               13.8              222.7  
2007      7               14.4              206.3  
2007      8               14.3              229.5  
2007      9               10.1               82.0  
2007     10                7.2               19.7  
2007     11                1.5              123.9  
2007     12               -2.6              168.7  
2008      1                1.5               93.5  
2008      2                2.2               72.2  
2008      3                1.1              123.5  
2008      4                5.1              151.6  
2008      5               11.9               55.8  
2008      6               14.0              108.5  
2008      7               15.2              189.7  
2008      8               14.7              134.1  
2008      9               10.4              125.8  
2008     10                7.9              133.0  
2008     11                2.6               56.6  
2008     12               -1.7               96.6  
2009      1               -4.9               35.4  
2009      2               -2.2               93.5  
2009      3                1.2              118.5  
2009      4                7.7               33.9  
2009      5               12.5               44.3  
2009      6               13.5              103.1  
2009      7               15.6              108.1  
2009      8               17.0               69.5  
2009      9               12.9               65.6  
2009     10                7.4               61.5  
2009     11                5.6              147.9  
2009     12               -0.6              162.4  
2010      1               -4.5               51.7  
2010      2               -1.5               82.2  
2010      3                1.3               98.6  
2010      4                6.8               33.9  
2010      5                8.3              148.6  
2010      6               13.8               71.8  
2010      7               17.0               66.2  
2010      8               14.0              249.7  
2010      9               10.4               60.4  
2010     10                6.9               69.3  
2010     11                2.4              120.8  
2010     12               -2.7              102.8  
2011      1               -0.9               63.8  
2011      2                0.7               37.5  
2011      3                4.2               30.9  
2011      4                9.1               43.6  
2011      5               11.7               57.4  
2011      6               13.3              114.2  
2011      7               13.0              134.1  
2011      8               16.1               84.5  
2011      9               13.7               59.3  
2011     10                7.9              104.3  
2011     11                5.3                7.6  
2011     12                1.1              285.9  
2012      1               -0.5              170.7  
2012      2               -6.2               28.2  
2012      3                5.1               25.0  
2012      4                5.6              125.0  
2012      5               10.9               80.8  
2012      6               14.4              181.1  
2012      7               14.5              165.8  
2012      8               16.3              155.7  
2012      9               11.6              131.4  
2012     10                8.3              151.1  
2012     11                4.2              187.7  
2012     12               -0.3              246.6  
2013      1               -1.6               75.9  
2013      2               -4.3              114.0  
2013      3                0.6               72.9  
2013      4                6.2              120.9  
2013      5                7.4              205.3  
2013      6               12.8              135.6  
2013      7               17.5              118.5  
2013      8               15.4               68.7  
2013      9               12.3              138.2  
2013     10                9.7              147.4  
2013     11                1.6              151.8  
2013     12                0.1              110.6  
2014      1                1.2               80.9  
2014      2                1.5              116.6  
2014      3                4.3               35.8  
2014      4                7.5               97.6  
2014      5                9.1              174.4  
2014      6               14.6               72.1  
2014      7               14.8              338.9  
2014      8               12.9              148.1  
2014      9               12.6               56.7  
2014     10               10.3               92.6  
2014     11                6.3               87.7  
2014     12                0.6               86.3  
2015      1               -0.7              162.3  
2015      2               -2.5               67.9  
2015      3                3.0              120.2  
2015      4                7.1              132.8  
2015      5               10.6              148.0  
2015      6               14.9              150.1  
2015      7               18.3               88.5  
2015      8               16.5               62.0  
2015      9               10.2              116.8  
2015     10                6.9               39.6  
2015     11                4.9              132.6  
2015     12                3.7               21.9  
2016      1                0.5              214.7  
2016      2                0.9              154.3  
2016      3                1.5               75.2  
2016      4                5.6              183.4  
2016      5                9.3              191.0  
2016      6               13.2              218.3  
2016      7               16.1               76.7  
2016      8               15.8               54.7  
2016      9               13.7               81.7  
2016     10                6.8               95.6  
2016     11                3.0              128.7  
2016     12                0.7                3.3  
2017      1               -4.6               76.8  
2017      2                2.5               70.3  
2017      3                5.8              102.4  
2017      4                5.4               55.9  
2017      5               10.9              117.1  
2017      6               16.2               69.3  
2017      7               16.0              138.8  
2017      8               16.3               89.8  
2017      9                9.7               84.0  
2017     10                8.3               65.5  
2017     11                2.0              133.9  
2017     12               -1.4              177.1  
2018      1                2.5              273.5  
2018      2               -3.9               58.2  
2018      3                1.6              159.2  
2018      4                9.7               31.0  
2018      5               11.7              159.9  
2018      6               15.0               98.9  
2018      7               17.3              125.3  
2018      8               16.8               80.2  
2018      9               13.1               38.6  
2018     10                8.9               21.7  
2018     11                4.3               42.6  
2018     12                1.7              256.2  
2019      1               -2.7               94.7  
2019      2                1.4               53.9  
2019      3                3.9              128.3  
2019      4                5.8               83.9  
2019      5                7.6              137.3  
2019      6               16.6              125.3  
2019      7               17.8              111.7  
2019      8               16.4              104.3  
2019      9               12.4               71.1  
2019     10               10.2              177.7  
2019     11                2.9              128.4  
2019     12                2.7              180.4  
2020      1                1.8               58.1  
2020      2                3.1              205.7  
2020      3                3.1               77.9  
2020      4                9.1               37.1  
2020      5               11.1              110.9  
2020      6               13.3              146.1  
2020      7               16.5               22.3  
2020      8               16.3              120.9  
2020      9               12.7              104.5  
2020     10                7.1              193.0  
2020     11                4.6               34.6  
2020     12                0.6              118.9  
2021      1               -2.4              224.6  
2021      2                2.4               51.1  
2021      3                2.1               77.7  
2021      4                4.2               50.9  
2021      5                7.3              215.1  
2021      6               15.2              230.2  
