Federal Office of Meteorology and Climatology MeteoSwiss
MeteoSchweiz / MeteoSuisse / MeteoSvizzera / MeteoSwiss

Monthly homogenized values

Station:                  Grimsel Hospiz
Altitude [m asl]:         1980 m
Coordinates:              46° 34.3' N / 8° 20.0' E

Reference date of homogenization:
         Temperature:     01.12.2009
         Precipitation:   01.12.2010

Last inhomogeneity provisionally corrected:
         Temperature:     yes
         Precipitation:   yes

Units:
         Temperature:     °C
         Precipitation:   mm

Missing values:           NA

Data source:              MeteoSwiss
Creation date:            7.07.2021


Year  Month        Temperature      Precipitation  
1932      1               -3.1              235.6  
1932      2               -9.2               23.6  
1932      3               -5.3              168.7  
1932      4               -3.2              145.4  
1932      5                2.0              161.1  
1932      6                5.4              132.5  
1932      7                8.0              146.8  
1932      8               11.5               77.9  
1932      9                9.6               81.2  
1932     10                1.8              218.0  
1932     11               -0.2              111.4  
1932     12               -2.1                6.3  
1933      1               -8.0              120.1  
1933      2               -6.8              178.8  
1933      3               -3.2               98.4  
1933      4               -0.5              119.4  
1933      5                1.0              308.6  
1933      6                3.3              231.2  
1933      7                9.7               85.9  
1933      8               10.1               48.4  
1933      9                7.1              155.4  
1933     10                2.6              184.7  
1933     11               -4.2              149.1  
1933     12               -7.1               23.0  
1934      1               -6.0              237.3  
1934      2               -4.4               38.8  
1934      3               -4.2              140.1  
1934      4                1.0               95.4  
1934      5                4.9               60.8  
1934      6                6.4              173.1  
1934      7                9.7              110.6  
1934      8                7.4              213.1  
1934      9                7.9               55.9  
1934     10                2.3              163.7  
1934     11               -2.3              121.8  
1934     12               -2.5              135.1  
1935      1               -9.6              283.2  
1935      2               -6.4              411.3  
1935      3               -5.4              251.8  
1935      4               -2.7              290.4  
1935      5                0.8              111.0  
1935      6                8.0              104.7  
1935      7                9.5               64.5  
1935      8                8.1              180.0  
1935      9                7.6               91.3  
1935     10                1.7              410.1  
1935     11               -1.5              178.4  
1935     12               -6.8              234.1  
1936      1               -3.6              231.3  
1936      2               -6.3              181.7  
1936      3               -3.4              122.9  
1936      4               -1.3              186.8  
1936      5                3.3              118.8  
1936      6                5.9              141.7  
1936      7                7.6              208.6  
1936      8                8.8               68.4  
1936      9                5.9              235.5  
1936     10               -1.5              142.6  
1936     11               -2.1               56.5  
1936     12               -4.1              214.7  
1937      1               -4.1              140.9  
1937      2               -5.0              401.5  
1937      3               -6.0              266.1  
1937      4               -2.5              271.7  
1937      5                3.8              127.2  
1937      6                6.7              107.5  
1937      7                8.5              113.2  
1937      8                8.3              121.6  
1937      9                5.7              209.1  
1937     10                3.2              151.9  
1937     11               -2.8              105.5  
1937     12               -8.6              135.1  
1938      1               -6.6              329.8  
1938      2               -5.9              132.7  
1938      3               -1.4              103.2  
1938      4               -4.7              110.1  
1938      5                1.1              166.7  
1938      6                7.9              127.5  
1938      7                7.9              178.5  
1938      8                8.3              135.4  
1938      9                6.8               92.8  
1938     10                3.7               93.8  
1938     11                1.2               54.5  
1938     12               -6.0              197.1  
1939      1               -4.9              202.4  
1939      2               -4.0               99.2  
1939      3               -8.0              373.4  
1939      4                0.3              184.5  
1939      5               -0.1              263.0  
1939      6                6.3              104.6  
1939      7                7.6              162.4  
1939      8                8.8              129.3  
1939      9                5.6               66.1  
1939     10                0.5              270.8  
1939     11               -0.2              309.1  
1939     12               -6.3              143.8  
1940      1               -8.0              185.9  
1940      2               -5.2              266.7  
1940      3               -4.4              194.0  
1940      4               -1.7              173.6  
1940      5                2.0              175.1  
1940      6                5.5               94.0  
1940      7                7.2              180.2  
1940      8                7.4              129.2  
1940      9                6.3              245.4  
1940     10                2.4              190.4  
1940     11               -2.2              222.2  
1940     12               -9.4              269.6  
1941      1               -7.9              125.2  
1941      2               -6.5              205.8  
1941      3               -3.6              106.8  
1941      4               -2.8              139.2  
1941      5               -0.4              204.2  
1941      6                6.3               95.9  
1941      7                9.2              104.2  
1941      8                7.6              226.3  
1941      9                6.1               96.6  
1941     10                0.3              264.9  
1941     11               -2.6              117.3  
1941     12               -6.5              171.2  
1942      1              -11.0              198.9  
1942      2               -9.0               86.2  
1942      3               -1.6              130.4  
1942      4               -0.5              113.3  
1942      5                2.9              160.8  
1942      6                7.1               97.2  
1942      7                8.3              117.2  
1942      8                9.0              109.5  
1942      9                8.1              157.2  
1942     10                5.0              284.3  
1942     11               -3.2              119.4  
1942     12               -4.0               60.3  
1943      1               -5.8              266.6  
1943      2               -4.9              189.4  
1943      3               -1.8              107.4  
1943      4               -0.2              222.6  
1943      5                4.7               92.0  
1943      6                5.2              200.7  
1943      7                8.6              110.4  
1943      8               10.3               78.7  
1943      9                7.7              148.8  
1943     10                5.8               20.6  
1943     11               -3.9              187.7  
1943     12               -4.3               84.5  
1944      1               -4.1              212.9  
1944      2               -9.7              236.3  
1944      3               -8.0              346.7  
1944      4               -0.2               98.2  
1944      5                3.0               75.5  
1944      6                5.3              121.6  
1944      7                8.2              161.9  
1944      8               11.7               40.9  
1944      9                6.0              124.1  
1944     10                0.5              219.5  
1944     11               -4.2              419.1  
1944     12               -7.0              150.5  
1945      1              -11.0              136.6  
1945      2               -2.7              239.5  
1945      3               -3.0              248.6  
1945      4                0.5              187.1  
1945      5                4.1              132.9  
1945      6                7.9               69.3  
1945      7                9.9              110.2  
1945      8                8.2              199.4  
1945      9                6.5              243.0  
1945     10                2.7              173.3  
1945     11               -2.4              117.6  
1945     12               -5.7              268.6  
1946      1               -6.9              141.1  
1946      2               -5.8              375.9  
1946      3               -2.5              128.0  
1946      4                1.8               33.5  
1946      5                3.8              113.5  
1946      6                5.5              209.2  
1946      7                9.3              155.4  
1946      8                8.8              186.4  
1946      9                8.6               56.0  
1946     10                2.6              110.3  
1946     11               -1.5              129.3  
1946     12               -7.2              137.5  
1947      1               -8.3              140.5  
1947      2               -7.0              154.1  
1947      3               -2.6              256.4  
1947      4                2.7               76.6  
1947      5                5.4              172.7  
1947      6                9.4              136.6  
1947      7               10.7               88.9  
1947      8               11.5               58.8  
1947      9                9.1              123.0  
1947     10                5.0               65.3  
1947     11               -1.3              368.6  
1947     12               -7.4              582.6  
1948      1               -4.9              305.1  
1948      2               -6.1              306.2  
1948      3               -0.3               85.4  
1948      4               -0.4              164.1  
1948      5                4.5               77.7  
1948      6                4.8              240.4  
1948      7                6.3              259.6  
1948      8                8.9              160.1  
1948      9                6.8              180.3  
1948     10                4.3               72.2  
1948     11                1.4               62.2  
1948     12               -3.3               70.8  
1949      1               -4.5              250.5  
1949      2               -3.7              105.3  
1949      3               -5.8              267.6  
1949      4                2.6              137.0  
1949      5                2.9              165.4  
1949      6                7.0               65.5  
1949      7                9.9               41.7  
1949      8                9.4               95.3  
1949      9                9.8              115.4  
1949     10                5.7               39.8  
1949     11               -3.2              205.2  
1949     12               -2.8              170.8  
1950      1               -5.2              244.6  
1950      2               -3.6              318.9  
1950      3               -2.8               47.0  
1950      4               -3.3              238.8  
1950      5                4.3              129.5  
1950      6                9.0               77.0  
1950      7               10.6              126.7  
1950      8                9.0              150.8  
1950      9                5.7              155.0  
1950     10                3.1               43.2  
1950     11               -3.2              348.8  
1950     12               -8.0              123.6  
1951      1               -5.7              294.8  
1951      2               -6.5              381.1  
1951      3               -5.2              231.7  
1951      4               -1.2              177.1  
1951      5                3.1              165.7  
1951      6                6.4              161.8  
1951      7                9.1               66.9  
1951      8                8.7              170.1  
1951      9                7.5               77.3  
1951     10                3.0               94.5  
1951     11               -2.1              330.6  
1951     12               -3.5               93.4  
1952      1               -8.2              257.2  
1952      2               -8.5              183.4  
1952      3               -2.8              250.3  
1952      4                0.9               79.4  
1952      5                3.2               89.6  
1952      6                8.5               93.7  
1952      7               10.8               82.6  
1952      8                9.1               93.3  
1952      9                2.8              170.4  
1952     10                1.0              274.3  
1952     11               -5.3              396.4  
1952     12               -6.8              247.4  
1953      1               -8.0              111.6  
1953      2               -7.0              160.6  
1953      3               -3.1               32.2  
1953      4                0.9              176.0  
1953      5                4.6              125.3  
1953      6                5.5              212.0  
1953      7                9.3              161.7  
1953      8                8.7               77.9  
1953      9                7.4              163.2  
1953     10                4.1              277.2  
1953     11               -0.1               40.2  
1953     12               -2.4              139.7  
1954      1               -8.7              330.5  
1954      2               -6.4               79.7  
1954      3               -2.4               70.1  
1954      4               -2.1              213.7  
1954      5                1.8              114.0  
1954      6                6.3              100.9  
1954      7                5.7              152.1  
1954      8                7.0              261.6  
1954      9                6.2              138.3  
1954     10                2.9              142.1  
1954     11               -0.3              118.2  
1954     12               -2.8              321.8  
1955      1               -4.2              210.5  
1955      2               -7.3              293.1  
1955      3               -5.0               80.7  
1955      4               -0.6              137.3  
1955      5                2.3              165.8  
1955      6                6.5              159.4  
1955      7                8.3              168.1  
1955      8                7.7              101.1  
1955      9                5.2              111.6  
1955     10                1.8              147.7  
1955     11               -1.2               57.6  
1955     12               -3.0              224.3  
1956      1               -5.8              188.5  
1956      2              -14.6               75.1  
1956      3               -4.9              236.1  
1956      4               -2.8              257.7  
1956      5                2.6              228.0  
1956      6                3.7              188.6  
1956      7                8.0              199.2  
1956      8                7.3              205.1  
1956      9                8.1              125.6  
1956     10                1.3              253.8  
1956     11               -4.0              153.9  
1956     12               -5.7               72.7  
1957      1               -5.7              151.0  
1957      2               -4.9              356.3  
1957      3               -0.9               38.7  
1957      4               -0.9              128.9  
1957      5                0.7              157.5  
1957      6                6.8              162.3  
1957      7                8.0              135.7  
1957      8                7.3              131.7  
1957      9                5.2              137.9  
1957     10                4.6               42.0  
1957     11                0.1               71.7  
1957     12               -5.6              138.9  
1958      1               -6.8              247.4  
1958      2               -4.2              394.4  
1958      3               -6.8              235.7  
1958      4               -4.0              380.4  
1958      5                4.5              183.9  
1958      6                6.0              120.9  
1958      7                9.1              145.3  
1958      8               10.1              165.8  
1958      9                8.8               91.4  
1958     10                2.5              332.5  
1958     11               -0.9              114.7  
1958     12               -4.4              175.4  
1959      1               -7.2              292.3  
1959      2               -3.8               57.5  
1959      3               -1.4              112.2  
1959      4               -0.7              159.4  
1959      5                3.2               94.0  
1959      6                6.7              163.5  
1959      7               10.4              153.2  
1959      8                8.5               92.9  
1959      9                8.8               29.3  
1959     10                3.1              179.3  
1959     11               -2.4              180.1  
1959     12               -4.9              268.1  
1960      1               -7.1              177.6  
1960      2               -4.8               91.7  
1960      3               -3.4              137.9  
1960      4               -1.5              144.4  
1960      5                3.8               89.0  
1960      6                7.6              127.6  
1960      7                6.9              254.0  
1960      8                8.3              201.7  
1960      9                4.9              248.1  
1960     10                1.1              285.5  
1960     11               -1.7              184.0  
1960     12               -6.1               92.1  
1961      1               -5.7               76.5  
1961      2               -3.1              376.3  
1961      3               -2.5              134.0  
1961      4                1.8              109.0  
1961      5                1.7              174.3  
1961      6                7.5              150.6  
1961      7                7.6              157.1  
1961      8                8.8              148.3  
1961      9               10.2               32.0  
1961     10                4.2              102.5  
1961     11               -1.6              104.8  
1961     12               -3.6              160.5  
1962      1               -5.5              257.4  
1962      2               -7.3              259.4  
1962      3               -7.7              227.2  
1962      4               -2.5              254.5  
1962      5                1.2              190.0  
1962      6                5.4               68.9  
1962      7                8.0               86.6  
1962      8               10.7               90.0  
1962      9                6.8               89.5  
1962     10                4.6               47.9  
1962     11               -3.5              112.3  
1962     12               -7.0              320.6  
1963      1              -10.2              131.1  
1963      2               -9.2               94.0  
1963      3               -4.2              254.5  
1963      4               -0.1              120.3  
1963      5                2.2              130.0  
1963      6                6.6              131.9  
1963      7               10.2               74.5  
1963      8                8.1              165.6  
1963      9                7.4               98.1  
1963     10                3.7               54.8  
1963     11               -0.1              145.3  
1963     12               -5.8               19.6  
1964      1               -5.0               43.7  
1964      2               -4.8               66.6  
1964      3               -4.1              160.2  
1964      4               -0.4              175.3  
1964      5                4.8              131.5  
1964      6                8.2               98.8  
1964      7               10.2               52.7  
1964      8                8.2              142.7  
1964      9                7.4               88.6  
1964     10                0.5              208.3  
1964     11               -0.8              136.6  
1964     12               -5.6              133.1  
1965      1               -6.2              206.1  
1965      2              -11.0              209.4  
1965      3               -5.0              241.6  
1965      4               -3.4              322.1  
1965      5                1.7              168.6  
1965      6                6.5              164.0  
1965      7                7.3              195.6  
1965      8                7.6              211.8  
1965      9                4.4              272.4  
1965     10                5.6                6.9  
1965     11               -3.0              240.8  
1965     12               -5.0              348.8  
1966      1               -7.4              171.2  
1966      2               -2.6              205.0  
1966      3               -6.3              356.6  
1966      4                0.5              111.4  
1966      5                3.0              137.9  
1966      6                7.0              107.9  
1966      7                6.8              156.5  
1966      8                7.7              149.1  
1966      9                8.8               48.2  
1966     10                5.1              129.6  
1966     11               -5.1              288.4  
1966     12               -6.3              513.6  
1967      1               -6.4              205.2  
1967      2               -5.2              118.3  
1967      3               -3.6              306.8  
1967      4               -2.8              300.6  
1967      5                2.3              256.4  
1967      6                5.2               89.1  
1967      7               10.6               80.7  
1967      8                8.8              123.5  
1967      9                6.2              121.9  
1967     10                5.8               55.2  
1967     11                0.6               91.7  
1967     12               -6.3              181.4  
1968      1               -7.8              596.5  
1968      2               -4.9              111.6  
1968      3               -4.2              165.9  
1968      4                0.3               94.9  
1968      5                2.3              183.6  
1968      6                6.7               93.7  
1968      7                8.3              152.3  
1968      8                7.2              213.3  
1968      9                5.7              144.8  
1968     10                5.6               43.7  
1968     11               -0.2               84.7  
1968     12               -5.7              200.2  
1969      1               -4.8              157.6  
1969      2               -9.5              158.9  
1969      3               -3.8               41.7  
1969      4               -1.8              307.6  
1969      5                4.1              122.7  
1969      6                4.5              256.8  
1969      7                9.7              121.9  
1969      8                7.6              220.4  
1969      9                8.2               33.7  
1969     10                6.0               12.9  
1969     11               -2.1              163.6  
1969     12               -9.0              193.6  
1970      1               -5.2              122.3  
1970      2               -6.2              529.0  
1970      3               -6.9              270.9  
1970      4               -3.7              372.4  
1970      5                1.4              172.1  
1970      6                7.3               80.9  
1970      7                8.1              158.0  
1970      8                8.7              173.5  
1970      9                8.2               77.4  
1970     10                2.8              224.4  
1970     11                0.0              125.3  
1970     12               -6.1              139.7  
1971      1               -6.2               36.7  
1971      2               -6.7              218.2  
1971      3               -8.3              184.6  
1971      4                1.2               46.2  
1971      5                4.6               50.5  
1971      6                4.8              212.6  
1971      7               10.3               48.4  
1971      8               10.7              144.7  
1971      9                5.7               92.0  
1971     10                5.0               29.3  
1971     11               -2.5              216.3  
1971     12               -1.5              108.2  
1972      1               -5.6               61.4  
1972      2               -3.8               75.3  
1972      3               -1.7               68.1  
1972      4               -2.0              235.3  
1972      5                2.1              168.6  
1972      6                5.6              194.2  
1972      7                8.2               84.5  
1972      8                7.8              144.6  
1972      9                3.4              101.2  
1972     10                3.2              176.5  
1972     11               -1.1              266.6  
1972     12               -2.6               16.0  
1973      1               -4.3               95.5  
1973      2               -7.9              239.9  
1973      3               -5.2              107.0  
1973      4               -4.8              311.5  
1973      5                4.3               90.4  
1973      6                7.3              186.2  
1973      7                8.2              199.5  
1973      8               10.6               99.2  
1973      9                7.6               74.7  
1973     10                2.6              162.8  
1973     11               -1.5              203.5  
1973     12               -5.4              262.9  
1974      1               -2.8              117.3  
1974      2               -5.2              202.3  
1974      3               -2.3               95.2  
1974      4               -1.3               69.7  
1974      5                2.4              147.0  
1974      6                5.3              156.5  
1974      7                8.3              125.7  
1974      8                9.8              118.8  
1974      9                5.7              184.4  
1974     10               -4.5              342.1  
1974     11               -2.7              256.1  
1974     12               -3.7              332.6  
1975      1               -2.9              235.4  
1975      2               -4.2               65.3  
1975      3               -5.6              216.0  
1975      4               -1.2              218.5  
1975      5                3.1              139.8  
1975      6                4.7              193.0  
1975      7                8.6              116.8  
1975      8                9.1              151.7  
1975      9                8.5              110.0  
1975     10                2.2              117.4  
1975     11               -2.3              220.5  
1975     12               -3.3               19.4  
1976      1               -6.3              227.2  
1976      2               -3.8               50.1  
1976      3               -4.3               43.3  
1976      4               -1.5              155.9  
1976      5                3.8               81.4  
1976      6                8.7              111.1  
1976      7                9.4              149.4  
1976      8                7.2              100.1  
1976      9                4.4              104.7  
1976     10                3.4              170.0  
1976     11               -3.2              183.0  
1976     12               -6.9              199.9  
1977      1               -5.9              149.7  
1977      2               -4.9              192.0  
1977      3               -1.5              134.5  
1977      4               -2.5              376.6  
1977      5                2.4              111.4  
1977      6                5.7               96.2  
1977      7                8.2              167.7  
1977      8                7.2              131.2  
1977      9                5.6               38.0  
1977     10                5.4              133.2  
1977     11               -3.0              255.8  
1977     12               -3.2               98.1  
1978      1               -5.8              246.7  
1978      2               -6.2              247.4  
1978      3               -3.7              291.6  
1978      4               -2.8               95.7  
1978      5                1.1              167.5  
1978      6                4.7              136.5  
1978      7                7.6              160.6  
1978      8                7.6              180.8  
1978      9                6.2              137.0  
1978     10                3.8              123.8  
1978     11                0.5               44.6  
1978     12               -3.1               83.9  
1979      1               -8.0              204.9  
1979      2               -5.5              103.9  
1979      3               -3.7              293.8  
1979      4               -3.6              145.2  
1979      5                2.3               87.2  
1979      6                6.8              134.9  
1979      7                8.2               55.4  
1979      8                7.4              147.9  
1979      9                6.9               89.4  
1979     10                4.6              155.7  
1979     11               -2.7              206.7  
1979     12               -3.7              365.2  
1980      1               -6.9              208.5  
1980      2               -4.3              168.8  
1980      3               -4.2              125.1  
1980      4               -4.7              287.0  
1980      5                1.3               59.5  
1980      6                4.1              220.2  
1980      7                6.6              181.7  
1980      8                9.7              116.3  
1980      9                8.2               40.3  
1980     10                1.6              269.2  
1980     11               -1.5              101.1  
1980     12               -6.9              277.2  
1981      1               -7.4              435.7  
1981      2               -7.4              127.7  
1981      3               -1.7              218.0  
1981      4                1.0               63.1  
1981      5                2.5              170.5  
1981      6                6.5              129.5  
1981      7                7.0              253.6  
1981      8                9.5               46.8  
1981      9                6.5              249.2  
1981     10                1.7              267.9  
1981     11               -2.5              240.3  
1981     12               -7.2              415.8  
1982      1               -4.3              283.1  
1982      2               -5.2               56.1  
1982      3               -5.6              221.2  
1982      4               -2.0               83.8  
1982      5                3.2               72.5  
1982      6                7.5              144.0  
1982      7               10.2              177.6  
1982      8                8.7              163.6  
1982      9                9.1               83.6  
1982     10                2.2              133.0  
1982     11               -0.1              103.5  
1982     12               -4.5              143.0  
1983      1               -3.4              360.9  
1983      2               -7.7              134.6  
1983      3               -2.8              118.0  
1983      4               -1.1              167.6  
1983      5                1.3              266.6  
1983      6                7.2               70.7  
1983      7               13.1               29.6  
1983      8                9.2               89.0  
1983      9                7.9              126.8  
1983     10                4.5               87.9  
1983     11                1.3              157.1  
1983     12               -3.7              132.0  
1984      1               -6.8              286.0  
1984      2               -8.1              260.5  
1984      3               -6.5              104.6  
1984      4               -2.2               81.7  
1984      5                0.5              117.4  
1984      6                5.8               96.8  
1984      7                9.0              103.7  
1984      8                8.5              104.0  
1984      9                4.4              219.1  
1984     10                3.8               82.7  
1984     11                1.9               69.3  
1984     12               -3.6               95.0  
1985      1              -10.3              176.0  
1985      2               -4.4              154.4  
1985      3               -5.5              165.7  
1985      4               -1.4              172.8  
1985      5                2.8              162.0  
1985      6                5.3              163.6  
1985      7               11.1               94.3  
1985      8                9.3              137.9  
1985      9                9.4               39.1  
1985     10                6.1                3.5  
1985     11               -4.4              150.2  
1985     12               -1.8               33.1  
1986      1               -7.7              584.2  
1986      2              -10.1               44.4  
1986      3               -3.7              169.5  
1986      4               -3.1              275.8  
1986      5                4.6              133.6  
1986      6                7.0              127.6  
1986      7                8.7              127.6  
1986      8                8.8              120.1  
1986      9                8.1               51.1  
1986     10                4.6               75.5  
1986     11                0.1               94.9  
1986     12               -4.4              426.1  
1987      1               -6.8              273.5  
1987      2               -5.0              228.3  
1987      3               -6.8              237.8  
1987      4                0.0              153.8  
1987      5                0.7              269.3  
1987      6                4.9              222.4  
1987      7                9.2              156.4  
1987      8                9.4              162.0  
1987      9                9.7               66.0  
1987     10                5.0              142.3  
1987     11               -1.4              189.5  
1987     12               -0.7               68.0  
1988      1               -3.3              164.8  
1988      2               -6.6              250.8  
1988      3               -5.2              582.7  
1988      4                1.9               71.9  
1988      5                4.9               83.1  
1988      6                6.7              146.4  
1988      7                9.7              128.2  
1988      8               10.4              117.8  
1988      9                6.7               90.5  
1988     10                5.5              189.0  
1988     11               -0.7               92.1  
1988     12               -4.1              343.5  
1989      1               -1.7                9.6  
1989      2               -2.4              117.1  
1989      3               -1.0              134.3  
1989      4               -1.9              261.9  
1989      5                4.8               90.6  
1989      6                5.9               80.0  
1989      7                9.9              172.7  
1989      8                9.4              166.5  
1989      9                6.3              102.0  
1989     10                4.3              130.4  
1989     11               -0.7               97.6  
1989     12               -1.1              119.9  
1990      1               -3.8               41.6  
1990      2               -1.1              345.2  
1990      3               -1.2              127.2  
1990      4               -1.8              185.6  
1990      5                5.5              108.9  
1990      6                6.6              183.5  
1990      7                9.9               95.9  
1990      8               10.4               77.8  
1990      9                6.0               84.1  
1990     10                5.4              144.9  
1990     11               -2.5              297.2  
1990     12               -6.6              214.8  
1991      1               -4.2              147.5  
1991      2               -7.7               41.6  
1991      3               -0.6               89.8  
1991      4               -2.3              171.3  
1991      5               -0.1              264.8  
1991      6                5.7              219.3  
1991      7               11.3              140.3  
1991      8               11.4               47.2  
1991      9                9.0              153.7  
1991     10                2.5               78.4  
1991     11               -1.8              103.8  
1991     12               -4.0              446.2  
1992      1               -3.1               14.6  
1992      2               -4.1              220.2  
1992      3               -2.9              276.1  
1992      4               -0.9              141.8  
1992      5                5.8               32.7  
1992      6                6.4              155.1  
1992      7               10.4               87.3  
1992      8               12.4              127.4  
1992      9                7.0              137.5  
1992     10                0.8              116.6  
1992     11                0.6              265.3  
1992     12               -2.9              138.7  
1993      1               -2.7              119.0  
1993      2               -4.8              106.3  
1993      3               -4.0               83.1  
1993      4               -0.2              191.2  
1993      5                5.3               79.3  
1993      6                7.9              171.1  
1993      7                8.1              164.2  
1993      8               10.4               89.7  
1993      9                5.2              238.3  
1993     10                2.3              233.6  
1993     11               -2.8               80.3  
1993     12               -4.0              251.6  
1994      1               -4.9              338.9  
1994      2               -5.8               83.6  
1994      3               -0.1              138.6  
1994      4               -2.1              218.0  
1994      5                4.5              228.0  
1994      6                7.6              124.0  
1994      7               12.4               75.4  
1994      8               11.2              141.4  
1994      9                6.2              146.6  
1994     10                3.5               64.9  
1994     11                2.5              125.3  
1994     12               -2.3              128.5  
1995      1               -7.0              505.1  
1995      2               -3.0              219.5  
1995      3               -5.6              387.2  
1995      4               -0.7              215.6  
1995      5                3.3              186.9  
1995      6                5.1              129.0  
1995      7               12.0               68.9  
1995      8                8.5              193.2  
1995      9                3.7              189.2  
1995     10                7.3                1.7  
1995     11               -2.3              152.2  
1995     12               -4.5              160.2  
1996      1               -2.6               11.5  
1996      2               -8.3              144.0  
1996      3               -5.2              117.0  
1996      4                0.1               70.6  
1996      5                3.5              264.8  
1996      6                8.4               47.2  
1996      7                8.6              170.6  
1996      8                8.3              127.3  
1996      9                3.5               83.7  
1996     10                2.5              177.9  
1996     11               -2.3              445.5  
1996     12               -3.9               72.7  
1997      1               -2.7               12.8  
1997      2               -2.9              186.8  
1997      3               -1.0              172.2  
1997      4               -1.7              163.7  
1997      5                4.6              104.8  
1997      6                7.0              154.2  
1997      7                8.0              220.4  
1997      8               11.1              122.0  
1997      9                9.7               27.1  
1997     10                3.9              135.8  
1997     11               -0.4               71.0  
1997     12               -4.4              268.0  
1998      1               -4.5              173.3  
1998      2               -0.9               30.8  
1998      3               -3.3              141.7  
1998      4               -1.1              145.6  
1998      5                5.0               60.0  
1998      6                8.2              140.6  
1998      7               10.1              112.9  
1998      8               10.7              114.1  
1998      9                6.1              213.8  
1998     10                2.1              177.1  
1998     11               -5.1              165.8  
1998     12               -4.2               67.5  
1999      1               -4.3              318.8  
1999      2               -7.8              544.7  
1999      3               -3.1               61.9  
1999      4               -1.0              204.9  
1999      5                5.8              159.6  
1999      6                6.4              141.7  
1999      7               10.1               89.9  
1999      8               10.2               81.1  
1999      9                9.0              107.8  
1999     10                4.2               82.1  
1999     11               -2.9              200.8  
1999     12               -5.2              366.4  
2000      1               -5.7              182.1  
2000      2               -4.2              319.9  
2000      3               -2.9              263.8  
2000      4                0.3              115.7  
2000      5                5.8               83.0  
2000      6                9.3               86.2  
2000      7                7.4              201.2  
2000      8               11.1              115.7  
2000      9                7.7              166.7  
2000     10                3.6              152.2  
2000     11               -1.7              189.9  
2000     12               -2.0               69.5  
2001      1               -5.0               69.3  
2001      2               -4.9              151.5  
2001      3               -1.2              209.8  
2001      4               -2.2              293.7  
2001      5                6.2               56.0  
2001      6                6.5              238.1  
2001      7                9.9              106.6  
2001      8               11.4              147.7  
2001      9                3.1              255.8  
2001     10                7.5               66.0  
2001     11               -1.8              284.8  
2001     12               -6.3              146.4  
2002      1               -3.5               24.9  
2002      2               -3.0              182.4  
2002      3               -1.3              193.9  
2002      4               -0.1               85.8  
2002      5                3.7              315.3  
2002      6               10.2              153.1  
2002      7                9.5              194.5  
2002      8                9.0              159.2  
2002      9                5.1              169.5  
2002     10                3.4              126.2  
2002     11               -0.6              416.8  
2002     12               -2.7              159.2  
2003      1               -6.8              244.5  
2003      2               -8.5              168.6  
2003      3               -1.4               49.4  
2003      4               -0.6              114.1  
2003      5                5.7              126.9  
2003      6               13.0               50.4  
2003      7               10.9              123.2  
2003      8               13.7               59.7  
2003      9                7.3               69.4  
2003     10                1.1              240.4  
2003     11                0.9              108.2  
2003     12               -3.2              183.0  
2004      1               -6.5              380.5  
2004      2               -4.9              120.4  
2004      3               -4.0              119.6  
2004      4               -0.6              124.2  
2004      5                3.0              153.8  
2004      6                8.5              164.7  
2004      7               10.1               87.2  
2004      8               10.3              141.9  
2004      9                7.8              125.9  
2004     10                5.4              101.8  
2004     11               -1.4              116.1  
2004     12               -2.8               86.6  
2005      1               -6.2              260.9  
2005      2               -9.8              243.5  
2005      3               -2.8               61.8  
2005      4                0.3              151.6  
2005      5                5.1              178.8  
2005      6                9.6               92.2  
2005      7                9.7              105.8  
2005      8                8.1              287.0  
2005      9                7.5               56.4  
2005     10                6.2               66.0  
2005     11               -2.2               56.0  
2005     12               -6.9              171.8  
2006      1               -6.1               90.8  
2006      2               -6.6               93.1  
2006      3               -4.9              166.2  
2006      4               -0.3              134.1  
2006      5                4.1              193.8  
2006      6                9.1               80.2  
2006      7               13.6               54.6  
2006      8                6.0              203.4  
2006      9               10.1               84.8  
2006     10                7.0               52.5  
2006     11                1.0               96.6  
2006     12               -1.1               99.8  
2007      1               -2.5              175.8  
2007      2               -1.9              141.0  
2007      3               -2.8              178.8  
2007      4                5.1               26.8  
2007      5                5.3              320.2  
2007      6                8.5              142.2  
2007      7                9.4              172.8  
2007      8                9.2              189.9  
2007      9                5.3              109.3  
2007     10                3.5               39.9  
2007     11               -2.8              246.5  
2007     12               -4.5              209.6  
2008      1               -2.9              128.6  
2008      2               -2.0               52.6  
2008      3               -4.8              227.3  
2008      4               -1.5              249.9  
2008      5                5.3               57.0  
2008      6                8.5               97.9  
2008      7                9.6              125.1  
2008      8               10.1              193.8  
2008      9                5.5              181.1  
2008     10                4.2              202.6  
2008     11               -1.9              197.8  
2008     12               -4.4              103.0  
2009      1               -5.9               40.9  
2009      2               -6.7              275.8  
2009      3               -4.0              387.3  
2009      4                1.8               90.8  
2009      5                6.1               53.4  
2009      6                7.4               94.1  
2009      7               10.1              116.9  
2009      8               12.0               91.1  
2009      9                8.2               61.3  
2009     10                3.0              126.6  
2009     11                0.5              175.6  
2009     12               -5.9              131.5  
2010      1               -7.5               99.3  
2010      2               -7.1               70.3  
2010      3               -4.4              108.6  
2010      4                0.7               57.3  
2010      5                2.4              227.1  
2010      6                7.7              131.2  
2010      7               11.4              130.3  
2010      8                8.6              217.9  
2010      9                5.7              145.0  
2010     10                2.8              105.8  
2010     11               -2.3              241.5  
2010     12               -7.3              174.9  
2011      1               -5.1               64.1  
2011      2               -3.1               94.0  
2011      3               -1.2               87.5  
2011      4                3.3               42.4  
2011      5                6.3               96.7  
2011      6                7.9              117.7  
2011      7                7.6              154.5  
2011      8               11.5              108.5  
2011      9                9.5              136.6  
2011     10                4.2              209.8  
2011     11                3.2                0.1  
2011     12               -3.6              578.8  
2012      1               -4.7              526.5  
2012      2               -9.4              141.9  
2012      3               -0.1              107.0  
2012      4               -0.7              188.4  
2012      5                4.6              103.5  
2012      6                9.1              184.4  
2012      7                9.6              125.5  
2012      8               11.9              153.3  
2012      9                7.6              113.9  
2012     10                4.6              144.3  
2012     11                0.6              118.2  
2012     12               -5.2              283.5  
2013      1               -5.4              113.8  
2013      2               -9.2              134.0  
2013      3               -4.1               62.0  
2013      4                0.9              156.8  
2013      5                1.4              280.7  
2013      6                6.6              100.8  
2013      7               11.8               95.2  
2013      8               10.4               91.7  
2013      9                7.5              159.2  
2013     10                5.2              102.3  
2013     11               -1.3              277.4  
2013     12               -1.3               99.2  
2014      1               -2.7              118.8  
2014      2               -3.8              175.0  
2014      3               -0.5              112.7  
2014      4                1.8              137.7  
2014      5                2.8              184.2  
2014      6                8.6               72.9  
2014      7                9.1              278.9  
2014      8                8.0              153.0  
2014      9                7.9               66.7  
2014     10                6.1              132.0  
2014     11                2.3              173.0  
2014     12               -3.1              168.4  
2015      1               -4.4              284.8  
2015      2               -5.6              147.2  
2015      3               -1.8              281.5  
2015      4                1.0              211.7  
2015      5                4.5              197.1  
2015      6                9.1              131.3  
2015      7               13.2              104.5  
2015      8               11.7              130.7  
2015      9                5.2              115.3  
2015     10                3.3               91.8  
2015     11                1.9              147.5  
2015     12                1.5               24.6  
2016      1               -3.9              218.9  
2016      2               -3.8              232.3  
2016      3               -4.3              127.2  
2016      4                0.4              210.6  
2016      5                2.9              257.6  
2016      6                7.5              145.8  
2016      7               10.8              129.6  
2016      8               10.7              101.5  
2016      9                8.9              129.6  
2016     10                2.6               81.4  
2016     11               -0.7               94.8  
2016     12               -0.5                0.0  
2017      1               -6.7              160.0  
2017      2               -2.4              120.1  
2017      3                0.6              235.5  
2017      4               -0.2              222.7  
2017      5                5.2              122.8  
2017      6               10.8              112.6  
2017      7               10.6              123.0  
2017      8               11.7              185.3  
2017      9                4.7              148.3  
2017     10                5.0              169.3  
2017     11               -2.1              235.7  
2017     12               -5.4              232.9  
2018      1               -2.7              391.4  
2018      2               -9.0               93.9  
2018      3               -4.0              238.3  
2018      4                3.0               41.8  
2018      5                5.9               90.3  
2018      6                9.0               49.8  
2018      7               11.6               50.9  
2018      8               11.5              119.8  
2018      9                9.0               73.0  
2018     10                5.5              166.6  
2018     11                0.9               46.4  
2018     12               -2.8              321.7  
2019      1               -7.9              412.0  
2019      2               -0.6               94.7  
2019      3               -1.9              287.5  
2019      4                0.3              288.7  
2019      5                1.3              176.7  
2019      6               11.4              144.2  
2019      7               11.8               85.9  
2019      8               11.6              129.4  
2019      9                8.1               96.4  
2019     10                6.0              214.1  
2019     11               -1.2              163.1  
2019     12               -1.2              205.1  
2020      1               -1.4               73.2  
2020      2               -1.6              266.1  
2020      3               -2.1               98.2  
2020      4                3.7               39.2  
2020      5                5.6              100.9  
2020      6                7.4              147.5  
2020      7               11.0               93.4  
2020      8               11.1              157.7  
2020      9                8.5               94.7  
2020     10                2.0              219.8  
2020     11                3.0               37.4  
2020     12               -3.6              174.0  
2021      1               -6.4              422.4  
2021      2               -1.2               80.3  
2021      3               -3.0              198.6  
2021      4               -1.6               65.5  
2021      5                1.6              260.2  
2021      6               10.0              128.1  
