Federal Office of Meteorology and Climatology MeteoSwiss
MeteoSchweiz / MeteoSuisse / MeteoSvizzera / MeteoSwiss

Monthly homogenized values

Station:                  Sargans
Altitude [m asl]:         585 m
Coordinates:              47° 3.2' N / 9° 26.4' E

Reference date of homogenization:
         Precipitation:   01.12.2019

Last inhomogeneity provisionally corrected:
         Precipitation:   no

Units:
         Precipitation:   mm

Missing values:           NA

Data source:              MeteoSwiss
Creation date:            7.07.2021


Year  Month      Precipitation  
1888      5               38.8  
1888      6              105.4  
1888      7              214.7  
1888      8              169.5  
1888      9              179.5  
1888     10              136.2  
1888     11               62.4  
1888     12                4.1  
1889      1               37.3  
1889      2              214.7  
1889      3               80.4  
1889      4               78.2  
1889      5               97.3  
1889      6              208.2  
1889      7              150.2  
1889      8              162.6  
1889      9              117.7  
1889     10              181.1  
1889     11               51.5  
1889     12               30.9  
1890      1               88.9  
1890      2                3.6  
1890      3               62.0  
1890      4               99.0  
1890      5               39.1  
1890      6              235.6  
1890      7              190.0  
1890      8              434.5  
1890      9               66.4  
1890     10              174.1  
1890     11               83.7  
1890     12                8.6  
1891      1               89.5  
1891      2               18.9  
1891      3              129.1  
1891      4               96.6  
1891      5               80.4  
1891      6               98.8  
1891      7              268.1  
1891      8              129.5  
1891      9              125.1  
1891     10               72.5  
1891     11               95.7  
1891     12              219.4  
1892      1               96.7  
1892      2              169.3  
1892      3               41.8  
1892      4               85.0  
1892      5               39.5  
1892      6              191.3  
1892      7              147.3  
1892      8               53.2  
1892      9              189.4  
1892     10              135.7  
1892     11               36.5  
1892     12               49.7  
1893      1              187.4  
1893      2              120.6  
1893      3               56.1  
1893      4                9.7  
1893      5              117.8  
1893      6              118.3  
1893      7              236.8  
1893      8               49.4  
1893      9              141.5  
1893     10               77.0  
1893     11               95.6  
1893     12               35.6  
1894      1               18.6  
1894      2              147.1  
1894      3               50.7  
1894      4               77.5  
1894      5              104.9  
1894      6              110.1  
1894      7              227.0  
1894      8              198.5  
1894      9              151.2  
1894     10               69.3  
1894     11               35.0  
1894     12              106.6  
1895      1               99.3  
1895      2               21.8  
1895      3               89.2  
1895      4               59.9  
1895      5              146.7  
1895      6              110.1  
1895      7              139.0  
1895      8              125.5  
1895      9               13.1  
1895     10               97.6  
1895     11               41.9  
1895     12              210.2  
1896      1               52.3  
1896      2               44.3  
1896      3              241.1  
1896      4              211.5  
1896      5              102.0  
1896      6              120.2  
1896      7              129.5  
1896      8              181.8  
1896      9              198.5  
1896     10              186.5  
1896     11               53.4  
1896     12               48.3  
1897      1               55.6  
1897      2              197.2  
1897      3              119.7  
1897      4              102.4  
1897      5              121.7  
1897      6              112.0  
1897      7              137.0  
1897      8              215.2  
1897      9              237.9  
1897     10               27.6  
1897     11               24.2  
1897     12               41.1  
1898      1               14.7  
1898      2              250.5  
1898      3               61.0  
1898      4               67.1  
1898      5              169.7  
1898      6              250.2  
1898      7              187.3  
1898      8              117.8  
1898      9               35.2  
1898     10              109.5  
1898     11              110.2  
1898     12               72.5  
1899      1              239.8  
1899      2               15.5  
1899      3               95.2  
1899      4              207.7  
1899      5              157.0  
1899      6               69.9  
1899      7              136.0  
1899      8               59.3  
1899      9              194.7  
1899     10               35.8  
1899     11                8.3  
1899     12               99.9  
1900      1              171.4  
1900      2               88.2  
1900      3              131.8  
1900      4               75.7  
1900      5              143.5  
1900      6               89.4  
1900      7              206.7  
1900      8              164.4  
1900      9               34.2  
1900     10               33.0  
1900     11               86.1  
1900     12              141.4  
1901      1               74.5  
1901      2               46.1  
1901      3               90.4  
1901      4              184.9  
1901      5               71.8  
1901      6              166.1  
1901      7              142.7  
1901      8              165.2  
1901      9              130.6  
1901     10              107.6  
1901     11               30.2  
1901     12              113.4  
1902      1               88.9  
1902      2               33.0  
1902      3              186.4  
1902      4               32.7  
1902      5              136.8  
1902      6              115.3  
1902      7              119.9  
1902      8              132.1  
1902      9              108.1  
1902     10               88.1  
1902     11               10.5  
1902     12              230.4  
1903      1               64.9  
1903      2               60.0  
1903      3               59.2  
1903      4              162.8  
1903      5               60.9  
1903      6               99.1  
1903      7              165.2  
1903      8              128.5  
1903      9               70.4  
1903     10              101.5  
1903     11              151.2  
1903     12               42.7  
1904      1               45.8  
1904      2              100.8  
1904      3               37.8  
1904      4              149.6  
1904      5              169.0  
1904      6               92.9  
1904      7               58.1  
1904      8              126.8  
1904      9               83.2  
1904     10               74.7  
1904     11               88.1  
1904     12               68.5  
1905      1              112.1  
1905      2               55.6  
1905      3              118.9  
1905      4              176.3  
1905      5              138.3  
1905      6               94.9  
1905      7              122.8  
1905      8              185.5  
1905      9              133.8  
1905     10              164.0  
1905     11               92.9  
1905     12               60.6  
1906      1               85.8  
1906      2               81.9  
1906      3              128.5  
1906      4               59.4  
1906      5              163.1  
1906      6              164.7  
1906      7              267.4  
1906      8               99.7  
1906      9               95.6  
1906     10               28.4  
1906     11              115.5  
1906     12              140.6  
1907      1              183.5  
1907      2               59.9  
1907      3              176.5  
1907      4              105.3  
1907      5               75.4  
1907      6              102.8  
1907      7              105.3  
1907      8              100.9  
1907      9               59.8  
1907     10               90.3  
1907     11               24.6  
1907     12              126.6  
1908      1               59.3  
1908      2              167.9  
1908      3               56.6  
1908      4               99.6  
1908      5              141.9  
1908      6              104.4  
1908      7              175.6  
1908      8              175.6  
1908      9              182.6  
1908     10                3.4  
1908     11               89.6  
1908     12               51.5  
1909      1               63.8  
1909      2               76.2  
1909      3               39.2  
1909      4               81.7  
1909      5               61.7  
1909      6              238.4  
1909      7              167.7  
1909      8              155.1  
1909      9               72.8  
1909     10               77.5  
1909     11               68.4  
1909     12              119.5  
1910      1              279.5  
1910      2              105.7  
1910      3               31.2  
1910      4              121.1  
1910      5               98.3  
1910      6              254.0  
1910      7              149.2  
1910      8              145.2  
1910      9              152.3  
1910     10               61.5  
1910     11              130.9  
1910     12              115.0  
1911      1               23.1  
1911      2               83.4  
1911      3               89.6  
1911      4               79.7  
1911      5               86.0  
1911      6              168.0  
1911      7               69.5  
1911      8              101.0  
1911      9              156.2  
1911     10              127.2  
1911     11               48.6  
1911     12              127.1  
1912      1               87.8  
1912      2               69.2  
1912      3               82.1  
1912      4               94.3  
1912      5              183.9  
1912      6              131.6  
1912      7              116.1  
1912      8              209.9  
1912      9               88.0  
1912     10              160.0  
1912     11               92.6  
1912     12               65.5  
1913      1              101.1  
1913      2               37.1  
1913      3               50.1  
1913      4               91.4  
1913      5               96.9  
1913      6              160.5  
1913      7              204.0  
1913      8              150.3  
1913      9               90.5  
1913     10               62.2  
1913     11              170.0  
1913     12              117.4  
1914      1              201.2  
1914      2               45.5  
1914      3              211.6  
1914      4               48.5  
1914      5              120.1  
1914      6              112.1  
1914      7              243.3  
1914      8              125.4  
1914      9              104.8  
1914     10               97.8  
1914     11               70.6  
1914     12               38.8  
1915      1              141.2  
1915      2               48.3  
1915      3              121.3  
1915      4              105.9  
1915      5               39.7  
1915      6               85.5  
1915      7              227.2  
1915      8              155.5  
1915      9              125.4  
1915     10               17.2  
1915     11               57.9  
1915     12              104.5  
1916      1              140.8  
1916      2              111.6  
1916      3               96.4  
1916      4              136.2  
1916      5               86.0  
1916      6              215.0  
1916      7              145.2  
1916      8              152.7  
1916      9              128.6  
1916     10              183.6  
1916     11              121.9  
1916     12              153.1  
1917      1               84.7  
1917      2               16.1  
1917      3               81.7  
1917      4              182.6  
1917      5               76.2  
1917      6               79.1  
1917      7              138.0  
1917      8              248.7  
1917      9               58.5  
1917     10              263.9  
1917     11              128.3  
1917     12               62.3  
1918      1               62.4  
1918      2               56.6  
1918      3               48.1  
1918      4              101.8  
1918      5               30.7  
1918      6              210.0  
1918      7              106.3  
1918      8              158.1  
1918      9              116.2  
1918     10               61.3  
1918     11               43.4  
1918     12              334.3  
1919      1               59.9  
1919      2               82.2  
1919      3               96.5  
1919      4              152.4  
1919      5               79.4  
1919      6              136.2  
1919      7              114.6  
1919      8              100.5  
1919      9               78.5  
1919     10              100.0  
1919     11              172.2  
1919     12              270.1  
1920      1              171.9  
1920      2               31.8  
1920      3               45.9  
1920      4               93.1  
1920      5              104.9  
1920      6              112.0  
1920      7              232.4  
1920      8               80.7  
1920      9              160.7  
1920     10                0.5  
1920     11                1.5  
1920     12               49.7  
1921      1              122.3  
1921      2               14.3  
1921      3               19.5  
1921      4               73.7  
1921      5               92.3  
1921      6              172.3  
1921      7               31.3  
1921      8              124.3  
1921      9               92.1  
1921     10               67.2  
1921     11              146.3  
1921     12               86.0  
1922      1              254.2  
1922      2               97.2  
1922      3              113.2  
1922      4              123.3  
1922      5               38.7  
1922      6              159.8  
1922      7              233.0  
1922      8              158.0  
1922      9              249.9  
1922     10              100.9  
1922     11              198.0  
1922     12              175.4  
1923      1              122.8  
1923      2               79.4  
1923      3               27.6  
1923      4               78.9  
1923      5               96.9  
1923      6              115.8  
1923      7              103.2  
1923      8              114.2  
1923      9              121.2  
1923     10              142.4  
1923     11              122.3  
1923     12              253.1  
1924      1               44.7  
1924      2               75.1  
1924      3               17.9  
1924      4              110.0  
1924      5              203.4  
1924      6              161.0  
1924      7              214.1  
1924      8              172.4  
1924      9               95.4  
1924     10               63.7  
1924     11               30.4  
1924     12               56.3  
1925      1               42.7  
1925      2               64.4  
1925      3               60.2  
1925      4              106.1  
1925      5               53.7  
1925      6               64.3  
1925      7              179.0  
1925      8              236.3  
1925      9              196.9  
1925     10               81.2  
1925     11               74.8  
1925     12              136.8  
1926      1               85.7  
1926      2               61.4  
1926      3              145.8  
1926      4               52.5  
1926      5              219.4  
1926      6              255.3  
1926      7              214.2  
1926      8               57.8  
1926      9               45.6  
1926     10              141.2  
1926     11              112.6  
1926     12              120.7  
1927      1              124.7  
1927      2               70.0  
1927      3              135.7  
1927      4              138.0  
1927      5               72.8  
1927      6              187.1  
1927      7              205.8  
1927      8              221.4  
1927      9              224.6  
1927     10               22.9  
1927     11               91.1  
1927     12               24.6  
1928      1               65.1  
1928      2              147.9  
1928      3               56.6  
1928      4               93.7  
1928      5              166.5  
1928      6              128.4  
1928      7              110.3  
1928      8              220.0  
1928      9               91.7  
1928     10              129.3  
1928     11              186.0  
1928     12              135.8  
1929      1               86.6  
1929      2               17.2  
1929      3               18.2  
1929      4              138.8  
1929      5               70.6  
1929      6              148.4  
1929      7              137.1  
1929      8              154.4  
1929      9               32.9  
1929     10              130.5  
1929     11               39.6  
1929     12              155.7  
1930      1               24.4  
1930      2               17.5  
1930      3               61.2  
1930      4              112.3  
1930      5              182.9  
1930      6               36.6  
1930      7              202.9  
1930      8              192.5  
1930      9              159.8  
1930     10              192.0  
1930     11              117.1  
1930     12               65.7  
1931      1              175.4  
1931      2              119.3  
1931      3              103.9  
1931      4               67.9  
1931      5               96.8  
1931      6              159.3  
1931      7              228.5  
1931      8              200.7  
1931      9              122.4  
1931     10               72.5  
1931     11               14.7  
1931     12               70.4  
1932      1              126.6  
1932      2               11.8  
1932      3              104.5  
1932      4               90.4  
1932      5              216.0  
1932      6               68.7  
1932      7              185.0  
1932      8              128.4  
1932      9               64.2  
1932     10              153.8  
1932     11               74.4  
1932     12                5.5  
1933      1               63.9  
1933      2               98.2  
1933      3               83.3  
1933      4               81.0  
1933      5              231.5  
1933      6              191.0  
1933      7              181.0  
1933      8               90.7  
1933      9              102.1  
1933     10              142.6  
1933     11               64.6  
1933     12               24.2  
1934      1               89.5  
1934      2                9.2  
1934      3               61.8  
1934      4               45.7  
1934      5               29.1  
1934      6              239.8  
1934      7              127.1  
1934      8              287.4  
1934      9               69.3  
1934     10              114.2  
1934     11               38.6  
1934     12               80.8  
1935      1              129.3  
1935      2              251.3  
1935      3              142.5  
1935      4              157.9  
1935      5              116.6  
1935      6               89.2  
1935      7              130.3  
1935      8              182.2  
1935      9               74.7  
1935     10              263.2  
1935     11               74.5  
1935     12              154.5  
1936      1              100.1  
1936      2               67.8  
1936      3               37.3  
1936      4              124.5  
1936      5              124.8  
1936      6              146.6  
1936      7              298.3  
1936      8              100.0  
1936      9              163.7  
1936     10              124.1  
1936     11               33.2  
1936     12              135.8  
1937      1              111.6  
1937      2              218.8  
1937      3              109.9  
1937      4              102.8  
1937      5               80.7  
1937      6               70.9  
1937      7              186.9  
1937      8              180.4  
1937      9              153.0  
1937     10               62.8  
1937     11               66.3  
1937     12               78.2  
1938      1              175.5  
1938      2              105.7  
1938      3               69.6  
1938      4               63.4  
1938      5               99.2  
1938      6              154.9  
1938      7              137.0  
1938      8              163.7  
1938      9               43.0  
1938     10               47.3  
1938     11               12.2  
1938     12               91.0  
1939      1               58.8  
1939      2               20.5  
1939      3              190.9  
1939      4               61.3  
1939      5              196.7  
1939      6              109.4  
1939      7              228.4  
1939      8              122.8  
1939      9              106.9  
1939     10              175.1  
1939     11              265.1  
1939     12               95.5  
1940      1              104.3  
1940      2              116.0  
1940      3              108.9  
1940      4              131.0  
1940      5              185.7  
1940      6              144.4  
1940      7              249.0  
1940      8              138.7  
1940      9              191.4  
1940     10               41.4  
1940     11              150.2  
1940     12              150.2  
1941      1               51.5  
1941      2               68.7  
1941      3               72.4  
1941      4               52.2  
1941      5              144.0  
1941      6               63.9  
1941      7              138.5  
1941      8              202.2  
1941      9               82.2  
1941     10              162.4  
1941     11               73.2  
1941     12               80.7  
1942      1              168.7  
1942      2               52.0  
1942      3               69.6  
1942      4               56.3  
1942      5              107.6  
1942      6              126.8  
1942      7              120.0  
1942      8              149.8  
1942      9              115.6  
1942     10              131.3  
1942     11               79.7  
1942     12               31.7  
1943      1              133.5  
1943      2               44.2  
1943      3               45.3  
1943      4              115.9  
1943      5              111.7  
1943      6              209.9  
1943      7               78.5  
1943      8               56.6  
1943      9              150.9  
1943     10                0.0  
1943     11              106.9  
1943     12               55.3  
1944      1              148.9  
1944      2              207.5  
1944      3              167.0  
1944      4               69.6  
1944      5               52.4  
1944      6              118.1  
1944      7              135.8  
1944      8               35.6  
1944      9              126.6  
1944     10              116.2  
1944     11              298.8  
1944     12              119.7  
1945      1               62.7  
1945      2              122.8  
1945      3              237.7  
1945      4              111.9  
1945      5              113.5  
1945      6               83.3  
1945      7               82.2  
1945      8              224.1  
1945      9              224.0  
1945     10               55.2  
1945     11               84.5  
1945     12              141.5  
1946      1               78.1  
1946      2              221.0  
1946      3               34.9  
1946      4               26.0  
1946      5               85.2  
1946      6              199.7  
1946      7              176.6  
1946      8              130.1  
1946      9               57.5  
1946     10               89.0  
1946     11               47.2  
1946     12               48.3  
1947      1               71.7  
1947      2               33.7  
1947      3              105.2  
1947      4               49.1  
1947      5               52.3  
1947      6              132.8  
1947      7              161.8  
1947      8               99.8  
1947      9               54.6  
1947     10               38.4  
1947     11              281.9  
1947     12              190.4  
1948      1              151.0  
1948      2              170.9  
1948      3               64.6  
1948      4               53.2  
1948      5               59.4  
1948      6              240.9  
1948      7              213.4  
1948      8              128.3  
1948      9               73.1  
1948     10               53.8  
1948     11               23.7  
1948     12               53.8  
1949      1              137.1  
1949      2               41.3  
1949      3              110.3  
1949      4              143.5  
1949      5               63.7  
1949      6               61.7  
1949      7              121.1  
1949      8              131.6  
1949      9               78.0  
1949     10               38.9  
1949     11               59.5  
1949     12               93.1  
1950      1              126.0  
1950      2              109.5  
1950      3               38.8  
1950      4              123.2  
1950      5               72.9  
1950      6               69.8  
1950      7              152.2  
1950      8              162.3  
1950      9              140.5  
1950     10               23.5  
1950     11              263.4  
1950     12               28.1  
1951      1              210.1  
1951      2              113.3  
1951      3              121.6  
1951      4               80.8  
1951      5               46.9  
1951      6              155.7  
1951      7               83.6  
1951      8              135.2  
1951      9               70.1  
1951     10               28.6  
1951     11              136.0  
1951     12               30.6  
1952      1              117.4  
1952      2              155.6  
1952      3               91.7  
1952      4               47.6  
1952      5               82.9  
1952      6               97.8  
1952      7              110.5  
1952      8              143.5  
1952      9              199.8  
1952     10              190.8  
1952     11              284.1  
1952     12              122.1  
1953      1               46.6  
1953      2               48.7  
1953      3               18.5  
1953      4               94.0  
1953      5              122.9  
1953      6              194.9  
1953      7              167.9  
1953      8               68.1  
1953      9               75.9  
1953     10               68.3  
1953     11               15.0  
1953     12               49.1  
1954      1              174.7  
1954      2               57.1  
1954      3               18.3  
1954      4              116.9  
1954      5              112.4  
1954      6              130.3  
1954      7              177.5  
1954      8              253.8  
1954      9              157.3  
1954     10               98.4  
1954     11               53.7  
1954     12              204.1  
1955      1              143.3  
1955      2              165.8  
1955      3               60.4  
1955      4              108.1  
1955      5               93.3  
1955      6              138.3  
1955      7              217.8  
1955      8              138.7  
1955      9               91.1  
1955     10               51.3  
1955     11               28.5  
1955     12              126.0  
1956      1              101.2  
1956      2               51.7  
1956      3              114.2  
1956      4              119.7  
1956      5              141.9  
1956      6              169.1  
1956      7              109.4  
1956      8              232.5  
1956      9              103.2  
1956     10              148.1  
1956     11               82.4  
1956     12               19.8  
1957      1               39.6  
1957      2              143.9  
1957      3               80.6  
1957      4               88.4  
1957      5              107.5  
1957      6              110.9  
1957      7              164.4  
1957      8              174.3  
1957      9              125.3  
1957     10               16.2  
1957     11               15.6  
1957     12               33.7  
1958      1               92.3  
1958      2              311.5  
1958      3               70.6  
1958      4              136.4  
1958      5               62.3  
1958      6              127.3  
1958      7              163.9  
1958      8              153.8  
1958      9               63.8  
1958     10              192.1  
1958     11               44.9  
1958     12               95.5  
1959      1              125.7  
1959      2               25.8  
1959      3               46.6  
1959      4               88.1  
1959      5               92.4  
1959      6              196.8  
1959      7               97.8  
1959      8               52.8  
1959      9               51.7  
1959     10              128.2  
1959     11               77.3  
1959     12               89.5  
1960      1              102.7  
1960      2               56.3  
1960      3               65.0  
1960      4               95.5  
1960      5              103.0  
1960      6              143.8  
1960      7              201.6  
1960      8              178.3  
1960      9              204.1  
1960     10              114.5  
1960     11               94.3  
1960     12               78.7  
1961      1               52.6  
1961      2              141.7  
1961      3               72.1  
1961      4               72.0  
1961      5              260.6  
1961      6              116.4  
1961      7              157.2  
1961      8              182.1  
1961      9               18.4  
1961     10               66.4  
1961     11               52.5  
1961     12              138.0  
1962      1              161.1  
1962      2              140.9  
1962      3               89.4  
1962      4               85.8  
1962      5              180.3  
1962      6               70.7  
1962      7              132.5  
1962      8              137.4  
1962      9               64.2  
1962     10               25.0  
1962     11               39.1  
1962     12              223.6  
1963      1               67.3  
1963      2               30.0  
1963      3              121.2  
1963      4              101.3  
1963      5              102.3  
1963      6              165.0  
1963      7               88.6  
1963      8              206.6  
1963      9              101.5  
1963     10               81.1  
1963     11              112.5  
1963     12               17.3  
1964      1               26.7  
1964      2               51.7  
1964      3              116.0  
1964      4              101.3  
1964      5              148.5  
1964      6              109.6  
1964      7               90.3  
1964      8              151.0  
1964      9               80.3  
1964     10              142.3  
1964     11              166.6  
1964     12               54.4  
1965      1               92.8  
1965      2               91.7  
1965      3              100.6  
1965      4              213.1  
1965      5              155.4  
1965      6              210.8  
1965      7              139.5  
1965      8              185.1  
1965      9              234.7  
1965     10                2.6  
1965     11              154.0  
1965     12              238.1  
1966      1               75.4  
1966      2              130.7  
1966      3              198.9  
1966      4              100.4  
1966      5              184.1  
1966      6              159.9  
1966      7              242.0  
1966      8              230.6  
1966      9               46.5  
1966     10               67.3  
1966     11              127.5  
1966     12              200.8  
1967      1              160.8  
1967      2               78.2  
1967      3              264.5  
1967      4              106.1  
1967      5              156.5  
1967      6              131.4  
1967      7              156.1  
1967      8              105.1  
1967      9              176.7  
1967     10               54.7  
1967     11               86.2  
1967     12              119.2  
1968      1              308.5  
1968      2               42.0  
1968      3               94.3  
1968      4               71.9  
1968      5              128.3  
1968      6               77.4  
1968      7              192.6  
1968      8              185.5  
1968      9              203.4  
1968     10               32.2  
1968     11               33.5  
1968     12              105.8  
1969      1               74.8  
1969      2               64.1  
1969      3               49.6  
1969      4              218.1  
1969      5               99.7  
1969      6              203.7  
1969      7               92.5  
1969      8              212.7  
1969      9               32.2  
1969     10               24.6  
1969     11              157.9  
1969     12              102.6  
1970      1               61.9  
1970      2              321.7  
1970      3              104.9  
1970      4              205.3  
1970      5              121.4  
1970      6               57.1  
1970      7              132.6  
1970      8              258.7  
1970      9               99.1  
1970     10              211.5  
1970     11              137.1  
1970     12               88.0  
1971      1                9.9  
1971      2              137.8  
1971      3               54.5  
1971      4               28.1  
1971      5               89.0  
1971      6              224.9  
1971      7               75.2  
1971      8              167.1  
1971      9               58.5  
1971     10               25.0  
1971     11              103.6  
1971     12               60.6  
1972      1               18.4  
1972      2               16.0  
1972      3               41.7  
1972      4              145.5  
1972      5              121.0  
1972      6              109.6  
1972      7              174.4  
1972      8              106.8  
1972      9               45.7  
1972     10              124.9  
1972     11              184.7  
1972     12               14.2  
1973      1              112.3  
1973      2              116.6  
1973      3               34.9  
1973      4              137.4  
1973      5               90.3  
1973      6              140.7  
1973      7              227.9  
1973      8               73.5  
1973      9               65.5  
1973     10              158.9  
1973     11              188.4  
1973     12              167.9  
1974      1              112.3  
1974      2              108.7  
1974      3               53.2  
1974      4               90.2  
1974      5              133.1  
1974      6              175.4  
1974      7              167.5  
1974      8              130.7  
1974      9              156.3  
1974     10              210.7  
1974     11              191.3  
1974     12              232.0  
1975      1              151.3  
1975      2               31.8  
1975      3              124.3  
1975      4              142.8  
1975      5               91.8  
1975      6              180.8  
1975      7              132.8  
1975      8              245.6  
1975      9               93.6  
1975     10               58.8  
1975     11              158.0  
1975     12               12.5  
1976      1              146.9  
1976      2               16.2  
1976      3               38.5  
1976      4               87.4  
1976      5               86.5  
1976      6              114.2  
1976      7              222.8  
1976      8              105.0  
1976      9              186.2  
1976     10               80.9  
1976     11               79.9  
1976     12               99.9  
1977      1               78.2  
1977      2              145.1  
1977      3               97.4  
1977      4              302.2  
1977      5               89.8  
1977      6               93.8  
1977      7              182.4  
1977      8              199.8  
1977      9               72.0  
1977     10               50.7  
1977     11              146.7  
1977     12               97.7  
1978      1              120.9  
1978      2              142.6  
1978      3              135.9  
1978      4               67.4  
1978      5              168.6  
1978      6              128.8  
1978      7              131.4  
1978      8              146.5  
1978      9              126.7  
1978     10              118.5  
1978     11               25.3  
1978     12               41.7  
1979      1               89.7  
1979      2               63.9  
1979      3              175.1  
1979      4              123.8  
1979      5              164.7  
1979      6              307.3  
1979      7               78.0  
1979      8              216.3  
1979      9              159.5  
1979     10               76.2  
1979     11              209.5  
1979     12              186.9  
1980      1              111.4  
1980      2               84.4  
1980      3               78.7  
1980      4              149.4  
1980      5               53.2  
1980      6              226.4  
1980      7              177.9  
1980      8               82.2  
1980      9               48.4  
1980     10              152.0  
1980     11               55.5  
1980     12              124.8  
1981      1              227.1  
1981      2               65.4  
1981      3              122.4  
1981      4               24.5  
1981      5              162.2  
1981      6               87.9  
1981      7              311.1  
1981      8              146.6  
1981      9              216.2  
1981     10              205.4  
1981     11              126.9  
1981     12              270.3  
1982      1              224.4  
1982      2               25.6  
1982      3               87.6  
1982      4               64.6  
1982      5               85.8  
1982      6              201.9  
1982      7              112.3  
1982      8              171.3  
1982      9              179.4  
1982     10               79.4  
1982     11               80.1  
1982     12               89.6  
1983      1              159.7  
1983      2               54.8  
1983      3               64.8  
1983      4               92.7  
1983      5              183.8  
1983      6              135.7  
1983      7               37.6  
1983      8              152.1  
1983      9              169.9  
1983     10               68.1  
1983     11              130.1  
1983     12              112.7  
1984      1              109.2  
1984      2              161.5  
1984      3               51.1  
1984      4               53.7  
1984      5               95.0  
1984      6              153.6  
1984      7              115.3  
1984      8              160.3  
1984      9              395.1  
1984     10               61.6  
1984     11               56.6  
1984     12               55.0  
1985      1               78.1  
1985      2               78.0  
1985      3               47.5  
1985      4              142.0  
1985      5               68.7  
1985      6              158.2  
1985      7              111.1  
1985      8              246.6  
1985      9               50.2  
1985     10               12.0  
1985     11              104.4  
1985     12               21.6  
1986      1              229.9  
1986      2               43.7  
1986      3              101.7  
1986      4              205.1  
1986      5              164.2  
1986      6              142.6  
1986      7              186.4  
1986      8              186.0  
1986      9               39.3  
1986     10               66.4  
1986     11               51.1  
1986     12              176.8  
1987      1              116.6  
1987      2               97.8  
1987      3              108.9  
1987      4               75.3  
1987      5              176.2  
1987      6              250.5  
1987      7              292.7  
1987      8              109.7  
1987      9              135.4  
1987     10               27.8  
1987     11              102.9  
1987     12               84.2  
1988      1               47.8  
1988      2              121.0  
1988      3              377.3  
1988      4               77.6  
1988      5               89.9  
1988      6              170.8  
1988      7              148.1  
1988      8              147.2  
1988      9               60.6  
1988     10               86.0  
1988     11               86.0  
1988     12              229.7  
1989      1               11.6  
1989      2               98.2  
1989      3               68.4  
1989      4               89.1  
1989      5               56.5  
1989      6              125.1  
1989      7              102.5  
1989      8              197.2  
1989      9              154.7  
1989     10               99.3  
1989     11               54.2  
1989     12               39.4  
1990      1               27.4  
1990      2              299.9  
1990      3               76.8  
1990      4              132.2  
1990      5               69.8  
1990      6              208.6  
1990      7               94.4  
1990      8               89.6  
1990      9              127.5  
1990     10              106.7  
1990     11              164.0  
1990     12               90.3  
1991      1               53.7  
1991      2               28.0  
1991      3               93.7  
1991      4               85.0  
1991      5              202.1  
1991      6              289.1  
1991      7              156.7  
1991      8               31.9  
1991      9              207.3  
1991     10               32.0  
1991     11               77.6  
1991     12              208.6  
1992      1               13.0  
1992      2              133.5  
1992      3              216.7  
1992      4               88.5  
1992      5               13.2  
1992      6               56.2  
1992      7              130.5  
1992      8              201.3  
1992      9               69.9  
1992     10              113.2  
1992     11              231.8  
1992     12              113.8  
1993      1               86.6  
1993      2               86.3  
1993      3               98.8  
1993      4              132.0  
1993      5               91.1  
1993      6              170.1  
1993      7              276.1  
1993      8              209.0  
1993      9              147.9  
1993     10              225.1  
1993     11               38.4  
1993     12              181.4  
1994      1              156.7  
1994      2               62.6  
1994      3               90.7  
1994      4              110.4  
1994      5              144.9  
1994      6               77.4  
1994      7              134.3  
1994      8              184.7  
1994      9              139.3  
1994     10               39.0  
1994     11               95.6  
1994     12              134.7  
1995      1              240.2  
1995      2               94.1  
1995      3              181.7  
1995      4              156.6  
1995      5              141.8  
1995      6              138.5  
1995      7              122.1  
1995      8              277.4  
1995      9               87.3  
1995     10                6.5  
1995     11              126.5  
1995     12              146.9  
1996      1                3.8  
1996      2               44.3  
1996      3               94.8  
1996      4               74.1  
1996      5              208.9  
1996      6               99.6  
1996      7              173.2  
1996      8              199.9  
1996      9              103.2  
1996     10              135.1  
1996     11              179.4  
1996     12               32.4  
1997      1                4.1  
1997      2              107.6  
1997      3              131.1  
1997      4              164.4  
1997      5               75.8  
1997      6              192.7  
1997      7              241.3  
1997      8              159.3  
1997      9               40.2  
1997     10              105.8  
1997     11               57.8  
1997     12              147.2  
1998      1              108.8  
1998      2               20.8  
1998      3              130.7  
1998      4              104.0  
1998      5               51.3  
1998      6              155.1  
1998      7              150.0  
1998      8              112.6  
1998      9              198.4  
1998     10              165.9  
1998     11               98.8  
1998     12               61.2  
1999      1              165.3  
1999      2              289.2  
1999      3               77.6  
1999      4              130.2  
1999      5              251.2  
1999      6              270.2  
1999      7               93.3  
1999      8              197.0  
1999      9              187.8  
1999     10               52.1  
1999     11              146.3  
1999     12              224.5  
2000      1               87.1  
2000      2              179.3  
2000      3              237.7  
2000      4               77.6  
2000      5              108.4  
2000      6               67.9  
2000      7              279.2  
2000      8              216.6  
2000      9              117.6  
2000     10               84.8  
2000     11              188.1  
2000     12               24.3  
2001      1               71.6  
2001      2              132.5  
2001      3              182.8  
2001      4              227.0  
2001      5               62.8  
2001      6              228.6  
2001      7              118.4  
2001      8              167.9  
2001      9              189.0  
2001     10               48.0  
2001     11              150.6  
2001     12              101.3  
2002      1               25.4  
2002      2              132.0  
2002      3              161.2  
2002      4               60.5  
2002      5              187.9  
2002      6              101.3  
2002      7              153.5  
2002      8              215.4  
2002      9              218.7  
2002     10              144.5  
2002     11              361.9  
2002     12              129.6  
2003      1              107.0  
2003      2               66.0  
2003      3               46.1  
2003      4               60.4  
2003      5               89.6  
2003      6               43.4  
2003      7              106.4  
2003      8               99.1  
2003      9               40.7  
2003     10              222.9  
2003     11               47.0  
2003     12              110.1  
2004      1              204.2  
2004      2               73.0  
2004      3              113.1  
2004      4               70.1  
2004      5               88.2  
2004      6              206.7  
2004      7              131.4  
2004      8              154.2  
2004      9               88.7  
2004     10              105.6  
2004     11               73.9  
2004     12               53.4  
2005      1              125.3  
2005      2              126.3  
2005      3               36.8  
2005      4               88.7  
2005      5              124.8  
2005      6               78.9  
2005      7              158.1  
2005      8              238.3  
2005      9               50.1  
2005     10               56.7  
2005     11               29.6  
2005     12              127.4  
2006      1               56.5  
2006      2               57.1  
2006      3              158.7  
2006      4              151.5  
2006      5              176.4  
2006      6               84.8  
2006      7               85.3  
2006      8              245.0  
2006      9              149.6  
2006     10               48.8  
2006     11               50.9  
2006     12               84.6  
2007      1               88.0  
2007      2               54.7  
2007      3               93.8  
2007      4               24.2  
2007      5              152.5  
2007      6              126.1  
2007      7              193.5  
2007      8              199.9  
2007      9              129.7  
2007     10               28.7  
2007     11              142.5  
2007     12               85.6  
2008      1               90.9  
2008      2               29.3  
2008      3              170.6  
2008      4              143.5  
2008      5               29.1  
2008      6              111.0  
2008      7              208.5  
2008      8              183.8  
2008      9              144.9  
2008     10               95.8  
2008     11              103.5  
2008     12              116.0  
2009      1               40.3  
2009      2               98.1  
2009      3              151.0  
2009      4               40.9  
2009      5               58.3  
2009      6              165.8  
2009      7              210.2  
2009      8              165.6  
2009      9               54.4  
2009     10              109.6  
2009     11              134.1  
2009     12               69.0  
2010      1               51.6  
2010      2               25.3  
2010      3               94.3  
2010      4               34.9  
2010      5              197.6  
2010      6              123.9  
2010      7              278.1  
2010      8              278.7  
2010      9              110.8  
2010     10               72.9  
2010     11              111.2  
2010     12               87.0  
2011      1               54.0  
2011      2               56.9  
2011      3               41.0  
2011      4               37.1  
2011      5              115.1  
2011      6              137.1  
2011      7              153.6  
2011      8              135.7  
2011      9              114.2  
2011     10              153.9  
2011     11                0.0  
2011     12              274.7  
2012      1              232.8  
2012      2               50.4  
2012      3               35.7  
2012      4              108.7  
2012      5              101.7  
2012      6              196.2  
2012      7              111.6  
2012      8              181.2  
2012      9              123.9  
2012     10              172.8  
2012     11              100.9  
2012     12              169.5  
2013      1               78.0  
2013      2              115.2  
2013      3               46.9  
2013      4              107.0  
2013      5              180.6  
2013      6              165.6  
2013      7              102.5  
2013      8              136.1  
2013      9              147.4  
2013     10              138.3  
2013     11              142.0  
2013     12               49.3  
2014      1               61.8  
2014      2               65.9  
2014      3               70.4  
2014      4               85.5  
2014      5              148.5  
2014      6              163.3  
2014      7              237.7  
2014      8              153.1  
2014      9              119.4  
2014     10              130.7  
2014     11              132.5  
2014     12              101.4  
2015      1              150.6  
2015      2               40.7  
2015      3              142.0  
2015      4               90.3  
2015      5              194.3  
2015      6              191.0  
2015      7               61.4  
2015      8              118.4  
2015      9              117.1  
2015     10              105.6  
2015     11               89.1  
2015     12               21.4  
2016      1              183.4  
2016      2               99.5  
2016      3               74.8  
2016      4              169.7  
2016      5              201.9  
2016      6              266.9  
2016      7              165.7  
2016      8              129.8  
2016      9               97.0  
2016     10               45.3  
2016     11               91.1  
2016     12                6.5  
2017      1              175.2  
2017      2               71.2  
2017      3              174.6  
2017      4              163.8  
2017      5               68.2  
2017      6              125.8  
2017      7              120.4  
2017      8              203.5  
2017      9              162.5  
2017     10               99.7  
2017     11              120.2  
2017     12              164.8  
2018      1              265.2  
2018      2               52.1  
2018      3              124.6  
2018      4               16.6  
2018      5               88.5  
2018      6               69.3  
2018      7               51.5  
2018      8              117.2  
2018      9               95.6  
2018     10              102.3  
2018     11               12.7  
2018     12              291.4  
2019      1              258.0  
2019      2               80.1  
2019      3              129.5  
2019      4              119.2  
2019      5              197.9  
2019      6               83.9  
2019      7               97.2  
2019      8              230.9  
2019      9              140.7  
2019     10              141.6  
2019     11               91.4  
2019     12              107.9  
2020      1               68.5  
2020      2              213.4  
2020      3               74.0  
2020      4               39.7  
2020      5              104.1  
2020      6              200.7  
2020      7              125.1  
2020      8              239.4  
2020      9              103.5  
2020     10              135.0  
2020     11               14.5  
2020     12              106.2  
2021      1              244.0  
2021      2               57.3  
2021      3              122.7  
2021      4               61.2  
2021      5              105.8  
2021      6              116.2  
