Federal Office of Meteorology and Climatology MeteoSwiss
MeteoSchweiz / MeteoSuisse / MeteoSvizzera / MeteoSwiss

Monthly homogenized values

Station:                  Locarno / Monti
Altitude [m asl]:         367 m
Coordinates:              46° 10.3' N / 8° 47.2' E

Reference date of homogenization:
         Temperature:     01.12.2010
         Precipitation:   01.12.2010

Last inhomogeneity provisionally corrected:
         Temperature:     yes
         Precipitation:   yes

Units:
         Temperature:     °C
         Precipitation:   mm

Missing values:           NA

Data source:              MeteoSwiss
Creation date:            7.07.2021


Year  Month        Temperature      Precipitation  
1882     12                3.9                 NA  
1883      1                2.5              166.9  
1883      2                6.4               45.8  
1883      3                4.3               65.9  
1883      4               10.2              157.3  
1883      5               14.5              246.1  
1883      6               17.0              212.0  
1883      7               18.9              255.9  
1883      8               19.5              142.4  
1883      9               15.7              257.0  
1883     10               10.2               81.4  
1883     11                5.8               42.8  
1883     12                2.6                6.5  
1884      1                3.8               11.0  
1884      2                4.6               24.9  
1884      3                9.4               16.1  
1884      4               11.1              205.8  
1884      5               16.4              237.4  
1884      6               16.2              160.6  
1884      7               21.7              198.0  
1884      8               21.2              100.4  
1884      9               16.8              219.9  
1884     10               10.7               41.6  
1884     11                5.3                4.6  
1884     12                4.2               62.3  
1885      1                1.1               90.2  
1885      2                4.8              172.5  
1885      3                7.9              109.0  
1885      4               11.1              380.3  
1885      5               12.8              196.4  
1885      6               20.3               33.6  
1885      7               21.5              186.7  
1885      8               19.5              137.7  
1885      9               15.8              381.6  
1885     10                9.4              489.2  
1885     11                7.1              139.5  
1885     12                2.7               13.3  
1886      1                1.8              200.1  
1886      2                2.5               37.8  
1886      3                6.1               29.6  
1886      4               11.3              227.9  
1886      5               14.9              342.5  
1886      6               17.2               95.3  
1886      7               20.4              234.5  
1886      8               19.2              214.3  
1886      9               17.8               63.6  
1886     10               11.8              404.4  
1886     11                6.7              443.5  
1886     12                2.6              299.1  
1887      1                0.0               93.6  
1887      2                1.8                6.6  
1887      3                6.7               60.9  
1887      4                9.7              212.4  
1887      5               12.5              155.8  
1887      6               19.9              180.6  
1887      7               22.0              180.6  
1887      8               20.0              305.1  
1887      9               15.4              303.5  
1887     10                8.2              117.1  
1887     11                4.9              278.5  
1887     12                1.8               42.2  
1888      1                1.9                0.8  
1888      2                2.3              243.5  
1888      3                3.9              299.7  
1888      4                8.9              322.8  
1888      5               15.7              104.8  
1888      6               18.3              266.2  
1888      7               17.9              286.5  
1888      8               18.1              224.1  
1888      9               16.2              251.7  
1888     10                9.2              124.5  
1888     11                6.1              222.5  
1888     12                2.8              161.1  
1889      1                1.7               79.0  
1889      2                2.7               11.5  
1889      3                6.0              111.5  
1889      4                9.1              337.3  
1889      5               14.6              253.6  
1889      6               18.9              206.7  
1889      7               20.2              260.9  
1889      8               19.1              114.9  
1889      9               15.8               64.0  
1889     10               10.4              884.8  
1889     11                6.2               29.0  
1889     12                1.7               88.4  
1890      1                3.9               47.0  
1890      2                2.3               12.7  
1890      3                6.5              189.8  
1890      4               10.1              305.9  
1890      5               14.0              439.9  
1890      6               18.4              304.1  
1890      7               18.4              260.2  
1890      8               18.4              633.1  
1890      9               15.5              316.9  
1890     10               10.4               14.6  
1890     11                5.9               42.2  
1890     12                0.6               91.7  
1891      1               -0.2                0.7  
1891      2                3.4                0.0  
1891      3                5.7              272.4  
1891      4                9.6               94.3  
1891      5               12.8              379.6  
1891      6               18.0              102.9  
1891      7               19.8              292.1  
1891      8               17.6              342.5  
1891      9               16.8              132.5  
1891     10               12.0              393.2  
1891     11                5.6              210.9  
1891     12                3.4               49.8  
1892      1                2.4               57.6  
1892      2                4.2              234.6  
1892      3                5.0              121.9  
1892      4               11.6               94.9  
1892      5               15.5               53.8  
1892      6               19.2              211.5  
1892      7               20.5              119.6  
1892      8               20.2              169.2  
1892      9               16.9              201.0  
1892     10                9.6              596.0  
1892     11                6.4               77.9  
1892     12                1.5                1.6  
1893      1               -0.7               24.4  
1893      2                3.7               71.6  
1893      3                9.5               12.8  
1893      4               13.7                9.2  
1893      5               15.2               71.4  
1893      6               19.3              156.6  
1893      7               20.0              174.3  
1893      8               21.4                8.9  
1893      9               16.4              425.3  
1893     10               12.2              140.0  
1893     11                6.3               67.4  
1893     12                3.3               73.4  
1894      1                0.8               98.4  
1894      2                4.0                0.0  
1894      3                8.2               53.4  
1894      4               13.0              142.2  
1894      5               13.2              271.9  
1894      6               18.8               59.9  
1894      7               21.2              318.8  
1894      8               19.6               47.2  
1894      9               15.2              238.7  
1894     10               10.9              115.0  
1894     11                7.2              148.1  
1894     12                2.9                4.1  
1895      1               -0.1              207.5  
1895      2               -0.8               17.2  
1895      3                5.6               73.0  
1895      4               11.5               90.9  
1895      5               14.1              125.3  
1895      6               17.5              196.1  
1895      7               21.3              168.5  
1895      8               19.7              107.4  
1895      9               19.8               11.2  
1895     10               11.0              195.8  
1895     11                7.2              125.6  
1895     12                3.3               66.2  
1896      1                1.8                1.6  
1896      2                4.7               20.2  
1896      3                9.8               18.4  
1896      4               11.1               60.4  
1896      5               14.0               89.8  
1896      6               17.4              238.8  
1896      7               20.9              255.0  
1896      8               16.5              299.7  
1896      9               15.0              393.8  
1896     10                9.5              756.2  
1896     11                5.2              176.2  
1896     12                2.3              163.3  
1897      1                2.2              234.1  
1897      2                6.4                7.0  
1897      3                9.1              114.0  
1897      4               10.8              123.0  
1897      5               14.3              132.9  
1897      6               19.7              128.2  
1897      7               21.3              112.3  
1897      8               18.6              531.3  
1897      9               14.2              469.5  
1897     10               10.9               84.9  
1897     11                6.0               17.6  
1897     12                3.2              104.7  
1898      1                3.8               62.4  
1898      2                4.4               89.8  
1898      3                5.6              289.2  
1898      4               10.4              233.6  
1898      5               13.3              382.8  
1898      6               16.9              256.9  
1898      7               19.8               43.7  
1898      8               21.0               88.3  
1898      9               19.7               37.6  
1898     10               12.6              276.7  
1898     11                9.6              292.5  
1898     12                5.1                0.1  
1899      1                5.1               94.7  
1899      2                5.8               10.1  
1899      3                8.0               32.8  
1899      4               10.9              195.7  
1899      5               15.0              125.7  
1899      6               18.5              147.8  
1899      7               20.4              101.5  
1899      8               20.7              127.9  
1899      9               16.8              198.7  
1899     10               11.8               36.4  
1899     11                8.0               20.4  
1899     12                3.1               72.5  
1900      1                4.3              106.2  
1900      2                5.3              180.3  
1900      3                5.5              176.0  
1900      4               11.5               33.4  
1900      5               14.6              231.7  
1900      6               19.0               88.1  
1900      7               21.3              136.4  
1900      8               18.5              455.4  
1900      9               17.6              293.2  
1900     10               11.9               48.2  
1900     11                6.9              371.4  
1900     12                5.0               22.2  
1901      1                2.2                0.0  
1901      2               -0.2               54.1  
1901      3                4.9              327.9  
1901      4               10.6              246.9  
1901      5               14.9               73.6  
1901      6               19.7              319.8  
1901      7               19.6              311.2  
1901      8               19.5              145.3  
1901      9               16.4              121.1  
1901     10               10.8              287.2  
1901     11                5.8               32.8  
1901     12                3.2              205.2  
1902      1                3.9               41.5  
1902      2                3.5              158.0  
1902      3                7.7              126.6  
1902      4               12.0              105.4  
1902      5               12.5               98.5  
1902      6               16.9              260.7  
1902      7               21.0              120.6  
1902      8               19.1              253.9  
1902      9               15.6              308.0  
1902     10               10.2              185.0  
1902     11                5.4               94.5  
1902     12                4.0               75.3  
1903      1                0.8               91.3  
1903      2                5.3               30.1  
1903      3                8.7               98.2  
1903      4                8.8              217.8  
1903      5               13.4              539.8  
1903      6               16.3              229.6  
1903      7               19.4              307.9  
1903      8               19.5              223.4  
1903      9               16.0               94.6  
1903     10               11.5              329.4  
1903     11                7.0               86.6  
1903     12                3.0              148.0  
1904      1                2.8               30.8  
1904      2                3.7              180.5  
1904      3                6.5              242.0  
1904      4               12.1               87.6  
1904      5               16.5              167.6  
1904      6               19.3              184.0  
1904      7               21.8               73.1  
1904      8               21.2               40.8  
1904      9               14.9              243.0  
1904     10               12.3               45.9  
1904     11                6.4               59.1  
1904     12                3.5               60.1  
1905      1                1.7               30.9  
1905      2                3.9               57.5  
1905      3                7.6               78.1  
1905      4               11.3              208.8  
1905      5               12.6              448.1  
1905      6               17.5              152.3  
1905      7               21.9              130.8  
1905      8               18.6              482.4  
1905      9               16.3              366.9  
1905     10                8.4               12.9  
1905     11                6.2              230.0  
1905     12                4.5                4.9  
1906      1                2.6               22.7  
1906      2                3.6               66.1  
1906      3                7.2               89.6  
1906      4               10.4              162.6  
1906      5               14.7               72.7  
1906      6               20.2               23.9  
1906      7               20.5              267.7  
1906      8               21.1               37.0  
1906      9               16.6               77.3  
1906     10               13.0              169.7  
1906     11                7.3              387.3  
1906     12                2.7               12.7  
1907      1                2.0               17.1  
1907      2                2.8               22.6  
1907      3                7.3                0.3  
1907      4               10.4               89.3  
1907      5               14.8              126.1  
1907      6               18.5              329.7  
1907      7               19.1              158.1  
1907      8               20.3               76.8  
1907      9               16.9              244.7  
1907     10               12.1              590.0  
1907     11                7.3               38.9  
1907     12                4.0              126.6  
1908      1                2.6                2.8  
1908      2                5.4               22.5  
1908      3                5.5              113.8  
1908      4                9.2              126.1  
1908      5               16.2              280.6  
1908      6               18.8              173.0  
1908      7               19.4              305.8  
1908      8               18.7              494.9  
1908      9               15.1              139.7  
1908     10               12.3              128.0  
1908     11                6.2               19.4  
1908     12                3.5               35.4  
1909      1                1.7                1.2  
1909      2                1.9              135.8  
1909      3                4.3              108.6  
1909      4               12.8               80.4  
1909      5               14.7               89.8  
1909      6               16.0              244.0  
1909      7               19.0              117.7  
1909      8               19.0              232.7  
1909      9               14.8              114.6  
1909     10               11.8              312.3  
1909     11                5.9               62.7  
1909     12                4.3              117.9  
1910      1                3.7               53.1  
1910      2                4.0              101.2  
1910      3                7.6              186.2  
1910      4                9.7              214.8  
1910      5               13.0              217.2  
1910      6               18.0              278.3  
1910      7               17.9              130.5  
1910      8               18.5              251.1  
1910      9               15.0               66.5  
1910     10               11.4              243.3  
1910     11                4.9               99.2  
1910     12                5.3              376.7  
1911      1                2.7                4.3  
1911      2                3.8               18.7  
1911      3                6.9              118.5  
1911      4               10.9               59.9  
1911      5               14.3              114.1  
1911      6               16.8              293.7  
1911      7               21.8                5.6  
1911      8               22.0              264.1  
1911      9               17.3              186.5  
1911     10               10.2              323.2  
1911     11                7.2              280.1  
1911     12                4.2               95.7  
1912      1                3.7               96.9  
1912      2                5.3              110.7  
1912      3                8.7              176.2  
1912      4               10.2               44.7  
1912      5               15.8               82.0  
1912      6               17.1              267.5  
1912      7               19.3              242.7  
1912      8               16.0              378.8  
1912      9               12.8               33.7  
1912     10                9.7              205.3  
1912     11                4.6               69.1  
1912     12                2.7               28.6  
1913      1                2.8               13.7  
1913      2                3.8                0.5  
1913      3                7.6              243.1  
1913      4               10.0              239.6  
1913      5               14.3              136.0  
1913      6               18.6              110.0  
1913      7               18.5               85.4  
1913      8               18.8              157.2  
1913      9               14.8              312.3  
1913     10               11.3              412.8  
1913     11                8.5               60.4  
1913     12                4.6               20.5  
1914      1                1.2               10.4  
1914      2                5.2              164.5  
1914      3                7.6              142.3  
1914      4               12.5               96.5  
1914      5               13.2              442.8  
1914      6               16.9              171.7  
1914      7               18.2              289.5  
1914      8               18.6              217.2  
1914      9               15.7               31.4  
1914     10               10.2              424.2  
1914     11                5.8               47.1  
1914     12                3.6              168.3  
1915      1                1.7               80.0  
1915      2                1.6              193.4  
1915      3                6.7               62.5  
1915      4               10.0               68.3  
1915      5               15.4              245.6  
1915      6               18.2              164.4  
1915      7               19.1              300.9  
1915      8               18.9               48.4  
1915      9               14.1              302.5  
1915     10                9.8               39.0  
1915     11                4.9               51.5  
1915     12                5.2              124.4  
1916      1                4.5                0.4  
1916      2                3.7              211.1  
1916      3                5.2              444.7  
1916      4               11.4              125.7  
1916      5               14.9              251.6  
1916      6               15.8              415.3  
1916      7               19.5               84.7  
1916      8               19.3              302.9  
1916      9               14.2              165.9  
1916     10               10.9              140.5  
1916     11                7.0              250.8  
1916     12                3.5              275.7  
1917      1                2.3               79.2  
1917      2                2.0               13.0  
1917      3                5.3              183.7  
1917      4                9.0              199.4  
1917      5               15.3              448.6  
1917      6               19.2              113.2  
1917      7               20.0              175.8  
1917      8               18.3              375.8  
1917      9               17.6               42.8  
1917     10                9.1              285.9  
1917     11                6.4               12.6  
1917     12                2.1               51.3  
1918      1                2.8               48.0  
1918      2                5.3               15.0  
1918      3                7.0              159.2  
1918      4                8.9              289.1  
1918      5               15.3              149.8  
1918      6               16.9              196.6  
1918      7               20.2              305.3  
1918      8               19.3              217.7  
1918      9               16.5              350.8  
1918     10                9.7              239.3  
1918     11                6.0              104.7  
1918     12                3.8               33.2  
1919      1                3.3              246.7  
1919      2                3.3               56.2  
1919      3                7.0              112.7  
1919      4               10.1              174.7  
1919      5               15.5                5.6  
1919      6               20.5               65.1  
1919      7               17.6              284.5  
1919      8               21.6               71.2  
1919      9               17.3              317.1  
1919     10                8.8               42.3  
1919     11                4.2              230.0  
1919     12                3.6               40.9  
1920      1                5.1              149.9  
1920      2                6.0                7.7  
1920      3                9.3              253.1  
1920      4               10.9              301.8  
1920      5               17.3              135.1  
1920      6               18.3              125.9  
1920      7               19.8              360.1  
1920      8               18.1              186.4  
1920      9               15.9              463.7  
1920     10               11.3              157.9  
1920     11                5.7              149.8  
1920     12                3.7               61.8  
1921      1                5.5               83.9  
1921      2                4.6               38.7  
1921      3                9.0               41.8  
1921      4               10.4               94.8  
1921      5               15.3              206.9  
1921      6               19.2               65.7  
1921      7               22.2               20.1  
1921      8               19.6              305.5  
1921      9               17.3               41.1  
1921     10               14.0                0.5  
1921     11                5.8                9.6  
1921     12                4.4                0.9  
1922      1                2.5               81.7  
1922      2                4.3               20.3  
1922      3                8.3              309.6  
1922      4                9.5              173.9  
1922      5               17.0               64.2  
1922      6               18.8              229.1  
1922      7               19.0              214.8  
1922      8               19.4              257.8  
1922      9               13.9              314.6  
1922     10               10.1              135.0  
1922     11                5.9               10.0  
1922     12                3.0              277.6  
1923      1                2.7                5.9  
1923      2                5.3                6.1  
1923      3                8.9               21.6  
1923      4               10.6              217.0  
1923      5               14.9              312.2  
1923      6               16.5               60.5  
1923      7               21.8              178.5  
1923      8               20.9              157.2  
1923      9               15.1              241.8  
1923     10               12.3              348.2  
1923     11                7.5              311.6  
1923     12                3.9               39.8  
1924      1                1.8               53.1  
1924      2                4.1               40.1  
1924      3                7.2              100.4  
1924      4               11.7              104.0  
1924      5               16.1              205.5  
1924      6               18.4              163.6  
1924      7               20.3              235.1  
1924      8               16.9              334.6  
1924      9               15.7              214.5  
1924     10               11.2              227.0  
1924     11                7.1               55.7  
1924     12                4.4              125.7  
1925      1                4.4                4.9  
1925      2                4.5              328.0  
1925      3                5.1              140.2  
1925      4               10.6              102.8  
1925      5               14.0              240.4  
1925      6               19.7                6.3  
1925      7               19.2              263.0  
1925      8               18.7              237.0  
1925      9               14.1              265.8  
1925     10               11.8              121.6  
1925     11                7.0               69.4  
1925     12                2.0               73.6  
1926      1                2.0               58.8  
1926      2                5.7              212.4  
1926      3                8.8               58.8  
1926      4               11.9              170.6  
1926      5               13.3              464.3  
1926      6               16.7              142.4  
1926      7               20.1              197.6  
1926      8               20.1               49.9  
1926      9               19.0               89.2  
1926     10               12.1              300.0  
1926     11                9.1              619.5  
1926     12                5.4               20.4  
1927      1                4.3              115.5  
1927      2                3.7               47.6  
1927      3                7.7              230.8  
1927      4               12.8              146.8  
1927      5               16.2               86.0  
1927      6               18.0              341.1  
1927      7               19.9              205.6  
1927      8               18.9              308.8  
1927      9               16.1              258.7  
1927     10               11.9               61.3  
1927     11                8.3              273.2  
1927     12                4.3              114.7  
1928      1                3.9               41.2  
1928      2                6.5                0.7  
1928      3                7.0              223.9  
1928      4               11.2              399.2  
1928      5               13.1              232.3  
1928      6               18.5              187.5  
1928      7               23.7               99.2  
1928      8               21.1              317.6  
1928      9               16.4               58.6  
1928     10               11.2              505.8  
1928     11                7.7              112.5  
1928     12                3.4               45.8  
1929      1                0.6               44.4  
1929      2                0.0                0.4  
1929      3                8.3               17.4  
1929      4                9.9              284.6  
1929      5               15.4              213.4  
1929      6               19.8              102.7  
1929      7               21.5              155.2  
1929      8               19.7              253.5  
1929      9               19.3                8.2  
1929     10               11.9              317.6  
1929     11                7.4              104.3  
1929     12                5.4               90.4  
1930      1                2.9              114.5  
1930      2                3.6               25.7  
1930      3                8.3               82.8  
1930      4               11.0              288.5  
1930      5               13.6              221.6  
1930      6               18.9              344.8  
1930      7               19.1              332.7  
1930      8               19.2              113.0  
1930      9               16.7              272.2  
1930     10               11.0               59.3  
1930     11                8.2              144.5  
1930     12                4.1               23.9  
1931      1                2.9                9.9  
1931      2                3.3              192.5  
1931      3                6.3               58.7  
1931      4               10.4               61.4  
1931      5               15.4              294.9  
1931      6               20.3              164.5  
1931      7               19.2              279.4  
1931      8               18.0              390.5  
1931      9               13.6              114.2  
1931     10               11.9              183.1  
1931     11                7.6              200.6  
1931     12                2.8               12.3  
1932      1                4.2               27.3  
1932      2                1.3               12.1  
1932      3                5.4               65.2  
1932      4                9.0              164.0  
1932      5               13.6              429.2  
1932      6               17.1              283.9  
1932      7               18.9              247.7  
1932      8               21.4              124.4  
1932      9               18.2              548.8  
1932     10               10.5               90.5  
1932     11                7.5               49.8  
1932     12                5.1              135.3  
1933      1                1.9               68.9  
1933      2                3.6                6.3  
1933      3                7.6               77.9  
1933      4               12.3               71.6  
1933      5               14.7              127.4  
1933      6               16.0              353.9  
1933      7               21.4              116.7  
1933      8               21.0              143.5  
1933      9               16.7              194.5  
1933     10               11.7              295.2  
1933     11                5.2              289.2  
1933     12                1.8               83.4  
1934      1                2.3               19.4  
1934      2                5.4               46.2  
1934      3                6.8              238.0  
1934      4               11.2              284.8  
1934      5               16.4              143.4  
1934      6               18.1              114.1  
1934      7               21.3              142.1  
1934      8               18.1              546.4  
1934      9               17.4               49.8  
1934     10               10.8               86.5  
1934     11                5.5              411.6  
1934     12                5.0              145.0  
1935      1                1.9                8.7  
1935      2                5.2              118.3  
1935      3                7.5                5.3  
1935      4               10.3              102.0  
1935      5               12.1              247.9  
1935      6               20.1              163.0  
1935      7               21.4              108.7  
1935      8               18.8              329.7  
1935      9               16.6              149.7  
1935     10               11.5              489.2  
1935     11                7.1              482.7  
1935     12                1.8              295.6  
1936      1                3.7              141.7  
1936      2                4.0               78.4  
1936      3                8.2              190.7  
1936      4               10.3              238.8  
1936      5               14.8              196.2  
1936      6               18.2              156.3  
1936      7               18.6              514.2  
1936      8               19.7               25.6  
1936      9               15.9              206.1  
1936     10                8.9               16.8  
1936     11                6.1              114.7  
1936     12                4.5               99.5  
1937      1                2.6               34.3  
1937      2                6.1              125.2  
1937      3                5.1              336.7  
1937      4               11.4              133.0  
1937      5               15.6              297.5  
1937      6               18.9              166.3  
1937      7               20.5              216.2  
1937      8               19.9               62.9  
1937      9               15.5              241.2  
1937     10               11.0              325.2  
1937     11                6.6              140.7  
1937     12                2.6               79.8  
1938      1                2.6               25.0  
1938      2                4.1               23.9  
1938      3               11.5                3.3  
1938      4               10.3               53.4  
1938      5               12.4              295.2  
1938      6               19.5              223.8  
1938      7               19.7              349.0  
1938      8               19.2              180.8  
1938      9               15.3              182.3  
1938     10               11.5              172.0  
1938     11                7.8              166.6  
1938     12                2.3              107.5  
1939      1                2.9              229.7  
1939      2                6.3               85.1  
1939      3                5.5               10.2  
1939      4               11.8              373.8  
1939      5               11.9              320.3  
1939      6               17.6              353.4  
1939      7               18.8              388.3  
1939      8               18.5              266.1  
1939      9               15.4              137.8  
1939     10               10.3              257.8  
1939     11                8.0              113.4  
1939     12                2.7               99.0  
1940      1                0.6                2.1  
1940      2                3.2               12.8  
1940      3                6.9               97.0  
1940      4               11.1              226.9  
1940      5               14.8              160.3  
1940      6               16.9              264.6  
1940      7               18.8              475.7  
1940      8               19.5               59.0  
1940      9               16.6              177.0  
1940     10               10.7              214.8  
1940     11                7.6              153.2  
1940     12                0.3               11.0  
1941      1                1.4              136.9  
1941      2                3.3               91.7  
1941      3                7.1              191.4  
1941      4                9.2              362.8  
1941      5               11.7              461.4  
1941      6               18.4              220.1  
1941      7               20.3              231.6  
1941      8               18.2              211.2  
1941      9               15.8               82.8  
1941     10               10.9               59.0  
1941     11                5.4              155.1  
1941     12                3.9                2.9  
1942      1                0.0                9.2  
1942      2                2.2               35.8  
1942      3                8.4               64.2  
1942      4               10.7              129.1  
1942      5               15.0              177.9  
1942      6               18.3              218.3  
1942      7               20.7              157.2  
1942      8               19.4              221.8  
1942      9               17.5              318.3  
1942     10               13.8              296.7  
1942     11                6.3               50.8  
1942     12                4.0              138.1  
1943      1                2.0               22.8  
1943      2                6.3               10.2  
1943      3                8.9               75.1  
1943      4               13.8               66.6  
1943      5               15.7              232.2  
1943      6               19.0               42.0  
1943      7               20.5              145.9  
1943      8               22.3               48.0  
1943      9               17.4              514.7  
1943     10               13.0              113.2  
1943     11                6.3               34.3  
1943     12                4.8               74.8  
1944      1                4.7                0.3  
1944      2                3.3               58.4  
1944      3                6.8                1.6  
1944      4               12.6               78.5  
1944      5               15.2              141.8  
1944      6               17.9              123.4  
1944      7               20.1              441.8  
1944      8               21.4               84.8  
1944      9               15.6              165.4  
1944     10               10.1              421.6  
1944     11                5.3               48.6  
1944     12                2.3               33.9  
1945      1               -0.8               59.5  
1945      2                4.8                3.3  
1945      3               10.5              113.4  
1945      4               13.8               67.6  
1945      5               16.1              329.7  
1945      6               20.6               26.4  
1945      7               23.7               24.8  
1945      8               19.7              399.4  
1945      9               17.1              189.7  
1945     10               12.2              267.0  
1945     11                5.9               56.5  
1945     12                4.0              199.1  
1946      1                1.4              120.6  
1946      2                6.5               18.4  
1946      3                7.8              183.8  
1946      4               13.3               83.8  
1946      5               13.5              434.0  
1946      6               17.0              469.9  
1946      7               21.7               88.3  
1946      8               19.3              273.6  
1946      9               17.5              159.4  
1946     10               11.2               39.7  
1946     11                6.0               76.4  
1946     12                2.3               13.9  
1947      1               -0.1                7.9  
1947      2                1.9              129.9  
1947      3                6.8              249.3  
1947      4               13.6               61.9  
1947      5               16.2              185.7  
1947      6               20.0              138.7  
1947      7               21.6              413.9  
1947      8               21.2              184.7  
1947      9               18.1              254.8  
1947     10               11.9               95.5  
1947     11                8.0              104.5  
1947     12                3.3               89.6  
1948      1                3.8              168.1  
1948      2                4.7               16.3  
1948      3               11.6                5.5  
1948      4               11.6              208.2  
1948      5               14.8              282.8  
1948      6               18.0              325.3  
1948      7               18.8              156.6  
1948      8               19.1              281.5  
1948      9               16.3              279.8  
1948     10               12.4              167.6  
1948     11                8.1                3.6  
1948     12                3.1               26.5  
1949      1                4.4               93.9  
1949      2                6.0                0.0  
1949      3                6.3               12.3  
1949      4               14.3              231.5  
1949      5               13.4              369.4  
1949      6               19.4               32.5  
1949      7               21.6              144.3  
1949      8               20.7              107.8  
1949      9               18.2               33.1  
1949     10               14.0               88.3  
1949     11                6.9              240.4  
1949     12                3.9               70.6  
1950      1                2.6               20.6  
1950      2                5.1              148.1  
1950      3                9.8               34.6  
1950      4                9.9              288.7  
1950      5               15.6              214.4  
1950      6               20.2              109.3  
1950      7               22.9              176.7  
1950      8               20.0              253.3  
1950      9               15.8              240.5  
1950     10               12.5                0.2  
1950     11                6.0              243.6  
1950     12                2.6              157.9  
1951      1                3.8              187.9  
1951      2                3.8              376.1  
1951      3                5.8              154.6  
1951      4               10.6              221.5  
1951      5               13.3              202.2  
1951      6               17.8              254.8  
1951      7               20.2              115.0  
1951      8               18.9              420.7  
1951      9               17.6              110.8  
1951     10               10.4              252.6  
1951     11                7.7              634.5  
1951     12                4.8               25.9  
1952      1                1.9               31.4  
1952      2                4.1                4.7  
1952      3                7.7               72.7  
1952      4               12.8              328.5  
1952      5               15.4              238.7  
1952      6               19.8              141.0  
1952      7               22.6              106.1  
1952      8               19.9              111.5  
1952      9               13.6              487.5  
1952     10               10.3              132.0  
1952     11                5.2              127.5  
1952     12                2.8               47.9  
1953      1                2.1                4.1  
1953      2                3.8                5.4  
1953      3                9.3                0.0  
1953      4               12.3              168.5  
1953      5               17.3               10.1  
1953      6               16.4              395.7  
1953      7               20.1              261.6  
1953      8               20.1              125.5  
1953      9               16.8              315.0  
1953     10               12.4              456.1  
1953     11                6.8               16.7  
1953     12                5.9               20.9  
1954      1                1.7               21.1  
1954      2                2.1               53.4  
1954      3                7.6              117.5  
1954      4               10.7              144.3  
1954      5               14.2              275.1  
1954      6               17.9              251.0  
1954      7               19.0              105.5  
1954      8               17.6              370.6  
1954      9               16.5              181.7  
1954     10               11.4               51.1  
1954     11                7.2              141.5  
1954     12                5.7              266.6  
1955      1                4.0               68.3  
1955      2                3.6              128.9  
1955      3                6.1               51.0  
1955      4               13.0                0.0  
1955      5               14.5              172.3  
1955      6               17.6              336.3  
1955      7               20.2              147.4  
1955      8               18.9               40.2  
1955      9               16.5              108.5  
1955     10               11.4              209.1  
1955     11                6.2               36.4  
1955     12                5.1               28.7  
1956      1                3.3               48.4  
1956      2               -1.1                8.1  
1956      3                6.4              245.9  
1956      4                9.4              278.2  
1956      5               16.1              140.8  
1956      6               17.0              144.2  
1956      7               19.5              429.4  
1956      8               18.8              556.4  
1956      9               16.5              187.0  
1956     10               10.5              101.8  
1956     11                6.6               23.5  
1956     12                4.4               16.4  
1957      1                2.8              102.3  
1957      2                5.3               89.4  
1957      3                9.5               95.9  
1957      4               11.7               84.8  
1957      5               12.7              196.9  
1957      6               17.1              528.1  
1957      7               20.3              125.4  
1957      8               18.5              391.4  
1957      9               16.2               22.5  
1957     10               12.2               53.3  
1957     11                8.0              302.4  
1957     12                3.2              236.5  
1958      1                2.9                8.5  
1958      2                6.2               96.1  
1958      3                5.4               13.3  
1958      4                9.0              203.6  
1958      5               16.8              245.0  
1958      6               17.6              124.8  
1958      7               20.3              118.8  
1958      8               19.8              479.3  
1958      9               17.3              145.8  
1958     10               11.7              299.9  
1958     11                8.2               83.7  
1958     12                3.6              230.3  
1959      1                3.0               23.2  
1959      2                6.2                8.2  
1959      3                9.4              172.8  
1959      4               11.4              218.7  
1959      5               15.2               78.2  
1959      6               19.0              106.3  
1959      7               22.1              145.6  
1959      8               19.7              163.0  
1959      9               16.7               57.3  
1959     10               11.4              235.8  
1959     11                6.1              274.3  
1959     12                4.2              217.8  
1960      1                2.8              118.8  
1960      2                2.9              104.6  
1960      3                7.3              115.5  
1960      4               12.1               64.8  
1960      5               16.0              187.4  
1960      6               18.5              291.1  
1960      7               18.5              370.8  
1960      8               18.4              456.0  
1960      9               14.4              477.9  
1960     10                9.9              515.3  
1960     11                6.9              182.1  
1960     12                3.6              150.1  
1961      1                1.1               73.9  
1961      2                6.7               59.4  
1961      3               10.8                3.3  
1961      4               13.3              207.2  
1961      5               14.3              179.0  
1961      6               18.7              204.7  
1961      7               19.5              121.9  
1961      8               20.3               75.9  
1961      9               19.4               77.0  
1961     10               12.2              174.8  
1961     11                6.3              200.8  
1961     12                4.1               44.5  
1962      1                4.1               45.6  
1962      2                4.3               26.2  
1962      3                4.6               44.8  
1962      4               10.9              204.2  
1962      5               14.0              138.8  
1962      6               18.4               46.5  
1962      7               20.4              100.3  
1962      8               21.7               67.1  
1962      9               16.6              225.4  
1962     10               12.5               47.0  
1962     11                5.5              212.0  
1962     12                1.8               45.8  
1963      1               -0.5               73.8  
1963      2                1.2               22.6  
1963      3                6.5               98.6  
1963      4               10.9              229.9  
1963      5               14.6              218.1  
1963      6               16.9              301.1  
1963      7               20.9              125.2  
1963      8               18.3              422.7  
1963      9               16.2              366.0  
1963     10               11.8              149.8  
1963     11                8.0              519.1  
1963     12                2.6               37.2  
1964      1                1.7               49.1  
1964      2                5.3               55.9  
1964      3                6.1              143.1  
1964      4               11.5              191.1  
1964      5               16.5               71.4  
1964      6               19.3              248.9  
1964      7               21.5              135.7  
1964      8               19.5              115.8  
1964      9               17.1               45.7  
1964     10               11.0              144.6  
1964     11                8.0               85.5  
1964     12                3.6               48.7  
1965      1                3.6               57.8  
1965      2                2.8                1.0  
1965      3                6.9               92.1  
1965      4               11.8                7.0  
1965      5               14.8               89.8  
1965      6               18.7               92.9  
1965      7               19.4              229.4  
1965      8               18.8              244.3  
1965      9               13.3              750.3  
1965     10               11.5               42.0  
1965     11                6.1               90.4  
1965     12                3.8               20.1  
1966      1                1.2                5.6  
1966      2                6.1              187.7  
1966      3                8.0                0.0  
1966      4               12.0              247.6  
1966      5               15.7              216.2  
1966      6               18.8              180.0  
1966      7               18.6              381.0  
1966      8               18.1              110.5  
1966      9               17.6               79.1  
1966     10               12.9              421.1  
1966     11                4.5              233.8  
1966     12                3.5               49.9  
1967      1                2.7                9.8  
1967      2                3.7               77.6  
1967      3                9.2              180.4  
1967      4               10.7              114.6  
1967      5               14.4              279.7  
1967      6               17.9               69.2  
1967      7               21.6              141.7  
1967      8               19.3              233.1  
1967      9               15.6              333.9  
1967     10               12.6              205.8  
1967     11                7.1              216.1  
1967     12                3.4                8.7  
1968      1                2.6               13.1  
1968      2                3.7              205.9  
1968      3                8.3               42.7  
1968      4               11.8              285.2  
1968      5               13.5              308.4  
1968      6               17.5              154.3  
1968      7               19.9              130.0  
1968      8               17.4              213.0  
1968      9               15.3              340.7  
1968     10               12.7              107.9  
1968     11                6.9              397.4  
1968     12                2.5               30.6  
1969      1                2.4               90.6  
1969      2                1.5               85.0  
1969      3                6.4               57.4  
1969      4               10.3               45.5  
1969      5               15.3              362.3  
1969      6               17.0              232.3  
1969      7               21.1              218.4  
1969      8               19.3              118.6  
1969      9               16.4              145.9  
1969     10               13.1                0.0  
1969     11                6.6              203.8  
1969     12                2.0               14.4  
1970      1                2.2              176.3  
1970      2                3.3               36.6  
1970      3                5.7              103.8  
1970      4                9.5              139.2  
1970      5               13.8              100.4  
1970      6               18.7              215.2  
1970      7               20.3               76.2  
1970      8               19.7              259.7  
1970      9               17.6              212.5  
1970     10               11.2              114.4  
1970     11                7.3              203.6  
1970     12                2.6               88.7  
1971      1                1.6               95.9  
1971      2                5.2               58.7  
1971      3                4.6              144.2  
1971      4               12.1              137.1  
1971      5               14.2              220.2  
1971      6               16.5              316.8  
1971      7               21.3              184.6  
1971      8               20.7              213.9  
1971      9               16.0               52.1  
1971     10               12.2               20.0  
1971     11                6.5              199.8  
1971     12                5.3               39.3  
1972      1                2.4               90.9  
1972      2                4.9              213.6  
1972      3                8.1              190.1  
1972      4               10.9              177.6  
1972      5               13.7              132.3  
1972      6               16.8              231.9  
1972      7               20.2               97.4  
1972      8               19.0              146.5  
1972      9               12.7              200.5  
1972     10               10.9               95.6  
1972     11                6.9               38.9  
1972     12                3.2              111.3  
1973      1                3.0               66.8  
1973      2                4.8                9.1  
1973      3                7.8                2.8  
1973      4                9.2              106.0  
1973      5               14.9              183.7  
1973      6               18.8              224.1  
1973      7               19.7              350.4  
1973      8               21.0              104.7  
1973      9               17.9               77.8  
1973     10               11.3              142.7  
1973     11                7.0               22.8  
1973     12                2.7              152.3  
1974      1                5.0               78.0  
1974      2                4.6              242.8  
1974      3                7.8              120.5  
1974      4               10.6              109.6  
1974      5               14.7              107.2  
1974      6               17.4              171.6  
1974      7               20.9              200.7  
1974      8               20.9              138.0  
1974      9               15.9              146.3  
1974     10                8.0               90.5  
1974     11                6.3              183.5  
1974     12                7.1                1.9  
1975      1                4.7              168.1  
1975      2                4.9               51.1  
1975      3                5.8              232.4  
1975      4               11.5              251.5  
1975      5               14.0              286.1  
1975      6               17.3              150.9  
1975      7               21.0              107.1  
1975      8               20.1               87.1  
1975      9               17.1              295.1  
1975     10               11.1              133.4  
1975     11                5.8              253.5  
1975     12                4.4               37.3  
1976      1                5.2               17.6  
1976      2                5.5               33.9  
1976      3                6.9               16.5  
1976      4               11.2              139.4  
1976      5               16.6               46.9  
1976      6               21.0               20.3  
1976      7               21.9              101.8  
1976      8               18.5              151.6  
1976      9               14.3              539.0  
1976     10               11.2              600.4  
1976     11                6.7              284.6  
1976     12                3.0               49.6  
1977      1                1.9              242.1  
1977      2                4.6              125.2  
1977      3                8.8              224.9  
1977      4               10.8              228.2  
1977      5               13.1              266.3  
1977      6               16.9              134.6  
1977      7               19.3              384.3  
1977      8               17.4              688.0  
1977      9               15.3               28.5  
1977     10               12.9              299.7  
1977     11                7.3               40.4  
1977     12                3.9               84.8  
1978      1                2.9              211.1  
1978      2                2.2              184.2  
1978      3                7.8              110.5  
1978      4                9.4              189.8  
1978      5               13.2              240.2  
1978      6               17.3              188.1  
1978      7               19.4              213.4  
1978      8               19.0              233.8  
1978      9               17.3                5.5  
1978     10               12.3              144.8  
1978     11                7.0                6.8  
1978     12                3.3              101.6  
1979      1                1.2               84.1  
1979      2                4.5               81.7  
1979      3                6.8              360.1  
1979      4                9.6              117.7  
1979      5               15.3              179.3  
1979      6               18.8              119.9  
1979      7               20.4              220.0  
1979      8               18.7              123.7  
1979      9               16.8               74.0  
1979     10               11.7              416.0  
1979     11                6.6              111.0  
1979     12                4.9              120.4  
1980      1                1.8               65.9  
1980      2                5.6                0.4  
1980      3                6.6              168.7  
1980      4               10.3                2.3  
1980      5               12.4              181.2  
1980      6               16.7              260.2  
1980      7               18.6              230.6  
1980      8               21.3              237.3  
1980      9               18.1               53.1  
1980     10               11.5              235.8  
1980     11                6.2               34.1  
1980     12                3.6                3.9  
1981      1                2.8                8.3  
1981      2                3.8                2.4  
1981      3                8.8              262.7  
1981      4               12.2              104.7  
1981      5               13.8              334.7  
1981      6               19.4               81.3  
1981      7               19.4              340.7  
1981      8               20.9               34.2  
1981      9               16.7              690.6  
1981     10               11.3              174.2  
1981     11                7.0                0.6  
1981     12                2.7              168.7  
1982      1                3.3                5.8  
1982      2                3.3               22.7  
1982      3                6.5               82.3  
1982      4               11.7                7.3  
1982      5               15.5              184.9  
1982      6               19.7              229.6  
1982      7               21.9              169.6  
1982      8               19.1              311.0  
1982      9               17.9              340.7  
1982     10               10.5              205.8  
1982     11                7.4              235.2  
1982     12                4.7               79.9  
1983      1                5.7               10.3  
1983      2                1.8               36.0  
1983      3                8.3              125.3  
1983      4                9.7              307.7  
1983      5               12.5              514.6  
1983      6               19.0              108.4  
1983      7               23.8               64.7  
1983      8               20.9               74.5  
1983      9               17.2              444.0  
1983     10               12.8               46.2  
1983     11                6.7               50.5  
1983     12                3.6              156.0  
1984      1                3.0               26.8  
1984      2                3.0               82.1  
1984      3                6.5              160.7  
1984      4               10.8              142.9  
1984      5               10.6              417.7  
1984      6               18.2              172.1  
1984      7               22.2                3.6  
1984      8               19.4              266.2  
1984      9               14.7              429.9  
1984     10               11.7              207.9  
1984     11                7.7              134.8  
1984     12                5.1               87.2  
1985      1               -0.6              153.4  
1985      2                3.6                8.5  
1985      3                5.6              233.7  
1985      4               11.8              131.4  
1985      5               14.1              287.1  
1985      6               17.6              135.8  
1985      7               22.2              178.8  
1985      8               20.3              364.0  
1985      9               18.5               79.7  
1985     10               13.4               12.4  
1985     11                4.9               86.3  
1985     12                5.7               58.0  
1986      1                2.8              158.0  
1986      2                1.0               56.3  
1986      3                7.1               38.5  
1986      4                8.5              687.6  
1986      5               17.3              237.4  
1986      6               19.8               79.5  
1986      7               21.3               99.9  
1986      8               20.1              303.9  
1986      9               17.1               31.7  
1986     10               13.8                7.0  
1986     11                8.4               57.4  
1986     12                4.5                6.1  
1987      1                1.8               45.2  
1987      2                3.7              165.5  
1987      3                5.0               49.8  
1987      4               12.3              171.0  
1987      5               14.0              120.0  
1987      6               16.9              523.3  
1987      7               20.8              452.2  
1987      8               20.4              199.8  
1987      9               19.0               77.3  
1987     10               11.7              349.2  
1987     11                7.7               96.9  
1987     12                4.8               27.3  
1988      1                4.0              175.4  
1988      2                4.9               69.8  
1988      3                8.0               92.9  
1988      4               12.2               83.8  
1988      5               14.7              337.9  
1988      6               17.6              187.2  
1988      7               21.4              256.2  
1988      8               20.7              366.0  
1988      9               17.2              142.4  
1988     10               13.2              340.4  
1988     11                5.2               12.0  
1988     12                5.8               63.1  
1989      1                4.4                0.0  
1989      2                6.3              140.1  
1989      3               10.8               41.9  
1989      4                9.2              574.1  
1989      5               16.0              113.0  
1989      6               18.3               73.9  
1989      7               21.5              138.3  
1989      8               21.3               94.2  
1989      9               17.3               29.6  
1989     10               13.2               10.6  
1989     11                6.9              122.4  
1989     12                4.0              140.0  
1990      1                3.5               67.0  
1990      2                7.6               39.6  
1990      3               11.6               12.6  
1990      4               10.9              114.6  
1990      5               17.2               83.1  
1990      6               18.2              392.3  
1990      7               22.0               17.9  
1990      8               21.9              138.3  
1990      9               17.7               12.0  
1990     10               13.0              307.3  
1990     11                6.9              156.8  
1990     12                2.1              132.8  
1991      1                3.1               64.3  
1991      2                2.8               35.5  
1991      3                9.7              368.1  
1991      4               11.0               37.5  
1991      5               14.3               73.8  
1991      6               18.4              183.8  
1991      7               23.5               86.4  
1991      8               23.8               38.8  
1991      9               19.5              608.8  
1991     10               11.2              195.4  
1991     11                6.5              102.4  
1991     12                4.0               66.4  
1992      1                3.2               65.1  
1992      2                6.3               22.2  
1992      3                9.0              187.6  
1992      4               11.6              123.6  
1992      5               17.1              113.7  
1992      6               17.1              281.4  
1992      7               21.5              134.4  
1992      8               23.2              234.8  
1992      9               16.9              278.5  
1992     10               10.7              197.1  
1992     11                8.9               26.2  
1992     12                4.1              114.8  
1993      1                4.7                1.0  
1993      2                5.2               38.8  
1993      3                8.7               33.9  
1993      4               12.1              134.7  
1993      5               16.1              167.6  
1993      6               19.8              277.5  
1993      7               20.4              231.6  
1993      8               21.7              137.2  
1993      9               15.9              417.6  
1993     10               11.2              744.8  
1993     11                6.4               83.4  
1993     12                4.8               45.9  
1994      1                4.5              285.4  
1994      2                3.6              150.1  
1994      3               12.0               20.4  
1994      4               11.2              101.1  
1994      5               15.2              329.1  
1994      6               19.9               83.5  
1994      7               23.7               78.7  
1994      8               22.5              296.2  
1994      9               16.3              347.4  
1994     10               11.7              107.9  
1994     11                9.7              194.5  
1994     12                5.5               27.8  
1995      1                2.6               62.1  
1995      2                6.6               61.9  
1995      3                7.4               19.7  
1995      4               12.6              255.1  
1995      5               15.8              166.2  
1995      6               17.7              122.7  
1995      7               23.0              136.4  
1995      8               20.5              101.3  
1995      9               14.6              402.3  
1995     10               14.2               43.0  
1995     11                7.6               85.9  
1995     12                3.8               68.0  
1996      1                3.8              163.0  
1996      2                3.1               22.8  
1996      3                6.8               12.3  
1996      4               13.1               35.6  
1996      5               15.2              197.6  
1996      6               20.7              129.4  
1996      7               20.4              264.3  
1996      8               19.8              289.0  
1996      9               14.9               50.0  
1996     10               12.6              212.9  
1996     11                7.9              346.2  
1996     12                4.0               77.7  
1997      1                4.0               80.5  
1997      2                6.6                2.8  
1997      3               12.0                2.3  
1997      4               12.6               66.0  
1997      5               16.0              124.3  
1997      6               17.8              468.4  
1997      7               20.4              169.8  
1997      8               21.8              283.7  
1997      9               19.0               14.5  
1997     10               13.2               28.6  
1997     11                7.0              280.0  
1997     12                4.6              175.2  
1998      1                3.6               60.4  
1998      2                7.9               22.4  
1998      3                9.4                1.6  
1998      4               10.0              503.2  
1998      5               16.6              201.0  
1998      6               19.7              229.6  
1998      7               22.4              167.5  
1998      8               22.2               72.7  
1998      9               16.4              375.2  
1998     10               12.0              167.7  
1998     11                5.8                8.0  
1998     12                3.7               34.4  
1999      1                4.2               99.2  
1999      2                3.9               13.4  
1999      3                8.9              124.7  
1999      4               12.2              166.7  
1999      5               17.3              194.1  
1999      6               18.6              299.8  
1999      7               22.1              161.6  
1999      8               20.8              321.9  
1999      9               18.1              544.6  
1999     10               12.7              265.0  
1999     11                7.0              126.8  
1999     12                3.2               48.8  
2000      1                3.6                0.2  
2000      2                6.6               16.9  
2000      3               10.1               87.4  
2000      4               11.5              443.5  
2000      5               17.1              212.3  
2000      6               20.7              186.3  
2000      7               20.0              295.2  
2000      8               21.6              107.1  
2000      9               18.2              214.6  
2000     10               12.8              428.8  
2000     11                6.7              491.8  
2000     12                5.2              138.6  
2001      1                3.1              145.9  
2001      2                6.6              110.7  
2001      3                9.2              238.5  
2001      4               11.4               82.6  
2001      5               17.4              122.1  
2001      6               19.1              329.4  
2001      7               21.2              233.4  
2001      8               22.1              163.3  
2001      9               15.2              150.4  
2001     10               14.8              163.3  
2001     11                7.6               14.2  
2001     12                2.7                0.1  
2002      1                2.8               19.1  
2002      2                6.4              142.4  
2002      3               10.7               55.6  
2002      4               12.5               64.2  
2002      5               14.9              671.2  
2002      6               21.2              159.6  
2002      7               20.4              298.2  
2002      8               20.0              174.2  
2002      9               16.4              140.7  
2002     10               13.0               88.2  
2002     11                9.2              790.0  
2002     12                5.0               45.8  
2003      1                3.8               39.5  
2003      2                2.4                9.1  
2003      3               10.4                2.6  
2003      4               12.1               69.1  
2003      5               18.1               54.9  
2003      6               24.8               29.1  
2003      7               23.8              140.1  
2003      8               25.3              173.2  
2003      9               17.8               68.7  
2003     10               11.0              160.2  
2003     11                7.3              200.8  
2003     12                4.5              160.1  
2004      1                3.2               18.9  
2004      2                5.0              108.9  
2004      3                7.8               46.3  
2004      4               11.7              209.0  
2004      5               14.8              187.7  
2004      6               21.1               27.4  
2004      7               21.9              190.7  
2004      8               20.7              396.0  
2004      9               18.5               74.4  
2004     10               13.4              371.1  
2004     11                7.9              196.9  
2004     12                4.4               66.5  
2005      1                3.7                3.1  
2005      2                3.4                7.0  
2005      3                8.9               64.1  
2005      4               11.8              165.1  
2005      5               17.4              123.3  
2005      6               21.2              161.5  
2005      7               22.5               83.6  
2005      8               20.3              198.3  
2005      9               18.3              110.5  
2005     10               12.3               61.2  
2005     11                7.1               18.5  
2005     12                1.9               61.5  
2006      1                2.2               50.1  
2006      2                3.4              103.5  
2006      3                6.9               47.2  
2006      4               12.9              114.7  
2006      5               16.6               88.9  
2006      6               21.5               32.6  
2006      7               24.4              138.3  
2006      8               19.8              306.6  
2006      9               19.0              220.5  
2006     10               14.5              221.9  
2006     11                9.2               84.8  
2006     12                5.0              219.9  
2007      1                6.4               74.0  
2007      2                7.3               31.6  
2007      3               10.2               73.5  
2007      4               16.7               30.3  
2007      5               17.4              220.8  
2007      6               19.5              299.5  
2007      7               22.1              111.4  
2007      8               20.1              321.7  
2007      9               16.8              198.9  
2007     10               13.4               11.1  
2007     11                7.6              116.9  
2007     12                4.6               14.1  
2008      1                4.8              161.5  
2008      2                6.0               39.5  
2008      3                9.3               88.0  
2008      4               11.2              243.4  
2008      5               16.0              287.4  
2008      6               19.8              136.6  
2008      7               21.2              284.9  
2008      8               21.4               93.3  
2008      9               16.0              351.9  
2008     10               13.1              218.5  
2008     11                7.4              269.6  
2008     12                3.8              172.5  
2009      1                2.6               29.8  
2009      2                4.8              121.2  
2009      3                9.3              141.3  
2009      4               12.7              312.2  
2009      5               18.7               49.0  
2009      6               20.2              304.7  
2009      7               21.9              349.6  
2009      8               22.6              201.4  
2009      9               18.5              120.5  
2009     10               13.0              148.7  
2009     11                8.3              197.6  
2009     12                3.1              130.0  
2010      1                1.5               47.6  
2010      2                3.9               77.2  
2010      3                7.6              154.0  
2010      4               12.5              104.3  
2010      5               14.8              406.6  
2010      6               19.9              226.2  
2010      7               24.3               68.0  
2010      8               20.8              221.6  
2010      9               17.0              114.4  
2010     10               11.4              200.4  
2010     11                7.0              280.7  
2010     12                2.0              118.8  
2011      1                3.2               46.4  
2011      2                6.3               51.3  
2011      3                8.9               97.7  
2011      4               16.1               34.3  
2011      5               18.3               77.8  
2011      6               19.3              244.0  
2011      7               20.1              382.6  
2011      8               22.4              212.4  
2011      9               19.9              118.4  
2011     10               13.1               70.0  
2011     11                8.0              226.5  
2011     12                5.5               16.9  
2012      1                4.5               72.5  
2012      2                3.1                3.3  
2012      3               12.4              126.5  
2012      4               10.8              260.4  
2012      5               16.2              190.2  
2012      6               21.0              142.9  
2012      7               22.5              140.1  
2012      8               23.0              153.7  
2012      9               17.9              234.7  
2012     10               13.0              205.9  
2012     11                8.7              288.6  
2012     12                3.6               44.1  
2013      1                4.9               24.0  
2013      2                3.6               26.3  
2013      3                6.4               98.6  
2013      4               12.0              347.3  
2013      5               14.1              300.5  
2013      6               20.2               52.6  
2013      7               23.3              113.6  
2013      8               22.3               72.9  
2013      9               18.4              221.8  
2013     10               13.2              287.6  
2013     11                8.0              146.3  
2013     12                5.6              255.8  
2014      1                4.5              212.7  
2014      2                5.3              285.7  
2014      3               10.8              125.1  
2014      4               14.0              132.9  
2014      5               16.2               82.8  
2014      6               20.3              159.3  
2014      7               20.2              269.0  
2014      8               19.6              347.7  
2014      9               18.0               60.1  
2014     10               14.5              326.9  
2014     11                9.3              732.6  
2014     12                6.6               46.6  
2015      1                5.2              126.7  
2015      2                4.9              130.0  
2015      3                9.5               50.9  
2015      4               14.0              113.8  
2015      5               17.0              230.4  
2015      6               21.1               83.1  
2015      7               25.8               51.4  
2015      8               22.3              130.3  
2015      9               16.7              219.4  
2015     10               12.4              207.7  
2015     11               10.1                0.5  
2015     12                6.7                0.3  
2016      1                4.3               27.9  
2016      2                6.4              147.3  
2016      3                8.8              137.6  
2016      4               12.8              230.8  
2016      5               15.5              250.2  
2016      6               19.4              228.0  
2016      7               22.7               78.5  
2016      8               22.1              129.5  
2016      9               20.3               67.1  
2016     10               11.9              104.2  
2016     11                8.0              215.4  
2016     12                6.4                3.4  
2017      1                2.2                5.5  
2017      2                6.4               92.7  
2017      3               11.7              156.4  
2017      4               13.8              155.7  
2017      5               17.3              142.6  
2017      6               22.1              312.5  
2017      7               22.8               46.1  
2017      8               22.7              380.6  
2017      9               16.3              151.4  
2017     10               14.8                0.5  
2017     11                7.9              117.3  
2017     12                3.2              124.2  
2018      1                5.3               94.6  
2018      2                3.3               13.1  
2018      3                6.9              142.8  
2018      4               14.6              142.9  
2018      5               16.8              156.0  
2018      6               21.7               42.6  
2018      7               24.1               67.5  
2018      8               23.3              162.2  
2018      9               19.9               41.3  
2018     10               15.1              367.9  
2018     11                8.7              216.8  
2018     12                5.6               17.9  
2019      1                5.0                4.8  
2019      2                7.5               43.9  
2019      3               10.7               67.1  
2019      4               12.7              230.2  
2019      5               14.7               90.2  
2019      6               22.4              105.4  
2019      7               24.2               77.5  
2019      8               22.1              294.1  
2019      9               18.4               88.0  
2019     10               14.2              307.6  
2019     11                7.4              369.7  
2019     12                6.0              189.4  
2020      1                5.6                3.6  
2020      2                8.3                4.1  
2020      3                9.0               74.8  
2020      4               14.3               78.1  
2020      5               17.7              174.5  
2020      6               19.5              263.9  
2020      7               23.2               35.6  
2020      8               23.0              331.9  
2020      9               18.8               87.0  
2020     10               12.0              370.9  
2020     11                9.4                2.1  
2020     12                4.1              172.7  
2021      1                2.8              115.8  
2021      2                7.0               72.9  
2021      3                9.6               15.1  
2021      4               11.3               96.8  
2021      5               14.8              180.1  
2021      6               21.7               72.6  
