Federal Office of Meteorology and Climatology MeteoSwiss
MeteoSchweiz / MeteoSuisse / MeteoSvizzera / MeteoSwiss

Monthly homogenized values

Station:                  Château-d'Oex
Altitude [m asl]:         1028 m
Coordinates:              46° 28.8' N / 7° 8.4' E

Reference date of homogenization:
         Temperature:     01.12.2014
         Precipitation:   01.12.2007

Last inhomogeneity provisionally corrected:
         Temperature:     yes
         Precipitation:   no

Units:
         Temperature:     °C
         Precipitation:   mm

Missing values:           NA

Data source:              MeteoSwiss
Creation date:            7.07.2021


Year  Month        Temperature      Precipitation  
1879      1               -5.4               73.0  
1879      2               -3.3              115.0  
1879      3                0.4               25.6  
1879      4                2.7              103.2  
1879      5                5.3               96.2  
1879      6               12.5              128.4  
1879      7               11.1              232.0  
1879      8               14.7              125.4  
1879      9                9.6               92.8  
1879     10                3.4              100.2  
1879     11               -2.8               97.5  
1879     12               -8.8               49.4  
1880      1               -8.1               19.6  
1880      2               -2.0               25.0  
1880      3                2.5               13.3  
1880      4                5.3               72.0  
1880      5                7.8               50.4  
1880      6               10.4              133.6  
1880      7               14.6               89.4  
1880      8               12.0              160.6  
1880      9                9.9              103.2  
1880     10                6.3              244.0  
1880     11                1.5               78.5  
1880     12                0.5              126.9  
1881      1               -6.9              108.0  
1881      2               -1.8               90.0  
1881      3                1.5               96.0  
1881      4                4.3               99.2  
1881      5                7.9              114.4  
1881      6               11.1              138.5  
1881      7               15.6              105.5  
1881      8               13.1              201.5  
1881      9                8.1              114.7  
1881     10                1.9               83.9  
1881     11                2.2               28.1  
1881     12               -3.0               56.8  
1882      1               -2.8               20.6  
1882      2               -2.8               33.0  
1882      3                1.9               53.5  
1882      4                4.6               76.1  
1882      5                9.2              120.6  
1882      6               11.1              172.9  
1882      7               12.3              126.0  
1882      8               11.3              140.9  
1882      9                8.2              212.9  
1882     10                5.9              135.6  
1882     11                1.3              203.1  
1882     12               -1.8              169.3  
1883      1               -2.2               54.6  
1883      2               -1.8               32.9  
1883      3               -3.1               68.0  
1883      4                3.6               17.9  
1883      5                8.8               79.7  
1883      6               11.1              118.7  
1883      7               12.1              206.0  
1883      8               12.3               79.9  
1883      9                8.7              145.6  
1883     10                4.0              161.3  
1883     11                0.5               95.3  
1883     12               -4.7               88.7  
1884      1               -1.7               47.1  
1884      2               -1.0               55.5  
1884      3                1.7                8.9  
1884      4                3.9               49.5  
1884      5               10.0              103.4  
1884      6                9.4               95.8  
1884      7               14.0              167.6  
1884      8               13.2              107.8  
1884      9                9.9              135.0  
1884     10                3.7               62.3  
1884     11               -2.2               26.1  
1884     12               -2.1              112.7  
1885      1               -7.8               12.9  
1885      2                0.2              119.3  
1885      3                0.8               65.2  
1885      4                5.1               58.5  
1885      5                6.7              144.3  
1885      6               13.7               86.4  
1885      7               14.9               72.3  
1885      8               12.6              111.0  
1885      9                8.9              209.9  
1885     10                3.2              201.3  
1885     11                1.4               71.9  
1885     12               -4.2               74.1  
1886      1               -5.1               57.0  
1886      2               -5.9               46.4  
1886      3               -1.1               82.7  
1886      4                5.9               73.1  
1886      5                9.4               36.9  
1886      6               10.5              129.7  
1886      7               14.3              140.0  
1886      8               12.8              134.0  
1886      9               11.5               58.8  
1886     10                6.1              138.0  
1886     11                1.0               69.7  
1886     12               -2.6              158.8  
1887      1               -7.7               21.7  
1887      2               -5.7                5.9  
1887      3               -1.9              134.3  
1887      4                4.1               35.0  
1887      5                6.3              127.5  
1887      6               13.2               58.0  
1887      7               15.3               95.0  
1887      8               13.0              211.0  
1887      9                8.6               77.0  
1887     10                 NA                 NA  
1887     11                 NA                 NA  
1887     12                 NA                 NA  
1888      1                 NA                 NA  
1888      2                 NA                 NA  
1888      3                 NA                 NA  
1888      4                 NA                 NA  
1888      5                 NA                 NA  
1888      6                 NA                 NA  
1888      7                 NA                 NA  
1888      8                 NA                 NA  
1888      9                 NA                 NA  
1888     10                 NA                 NA  
1888     11                 NA                 NA  
1888     12                 NA                 NA  
1889      1                 NA                 NA  
1889      2                 NA                 NA  
1889      3                 NA                 NA  
1889      4                 NA                 NA  
1889      5                 NA                 NA  
1889      6                 NA                 NA  
1889      7                 NA                 NA  
1889      8                 NA                 NA  
1889      9                 NA                 NA  
1889     10                 NA                 NA  
1889     11                 NA                 NA  
1889     12                 NA                 NA  
1890      1                 NA                 NA  
1890      2                 NA                 NA  
1890      3                 NA                 NA  
1890      4                 NA                 NA  
1890      5                 NA                 NA  
1890      6                 NA                 NA  
1890      7                 NA                 NA  
1890      8                 NA                 NA  
1890      9                 NA                 NA  
1890     10                 NA                 NA  
1890     11                 NA                 NA  
1890     12                 NA                 NA  
1891      1                 NA                 NA  
1891      2                 NA                 NA  
1891      3                 NA                 NA  
1891      4                 NA                 NA  
1891      5                 NA                 NA  
1891      6                 NA                 NA  
1891      7                 NA                 NA  
1891      8                 NA                 NA  
1891      9                 NA                 NA  
1891     10                 NA                 NA  
1891     11                 NA                 NA  
1891     12                 NA                 NA  
1892      1                 NA                 NA  
1892      2                 NA                 NA  
1892      3                 NA                 NA  
1892      4                 NA                 NA  
1892      5                 NA                 NA  
1892      6                 NA                 NA  
1892      7                 NA                 NA  
1892      8                 NA                 NA  
1892      9                 NA                 NA  
1892     10                 NA                 NA  
1892     11                 NA                 NA  
1892     12                 NA                 NA  
1893      1                 NA                 NA  
1893      2                 NA                 NA  
1893      3                 NA                 NA  
1893      4                 NA                 NA  
1893      5                 NA                 NA  
1893      6                 NA                 NA  
1893      7                 NA                 NA  
1893      8                 NA                 NA  
1893      9                 NA                 NA  
1893     10                 NA                 NA  
1893     11                 NA                 NA  
1893     12                 NA                 NA  
1894      1                 NA                 NA  
1894      2                 NA                 NA  
1894      3                 NA                 NA  
1894      4                 NA                 NA  
1894      5                 NA                 NA  
1894      6                 NA                 NA  
1894      7                 NA                 NA  
1894      8                 NA                 NA  
1894      9                 NA                 NA  
1894     10                 NA                 NA  
1894     11                 NA                 NA  
1894     12                 NA                 NA  
1895      1                 NA                 NA  
1895      2                 NA                 NA  
1895      3                 NA                 NA  
1895      4                 NA                 NA  
1895      5                 NA                 NA  
1895      6                 NA                 NA  
1895      7                 NA                 NA  
1895      8                 NA                 NA  
1895      9                 NA                 NA  
1895     10                 NA                 NA  
1895     11                 NA                 NA  
1895     12                 NA                 NA  
1896      1                 NA                 NA  
1896      2                 NA                 NA  
1896      3                 NA                 NA  
1896      4                 NA                 NA  
1896      5                 NA                 NA  
1896      6                 NA                 NA  
1896      7                 NA              124.0  
1896      8                 NA              172.4  
1896      9                 NA              256.3  
1896     10                 NA               99.0  
1896     11                 NA               45.6  
1896     12                 NA               74.0  
1897      1                 NA               29.2  
1897      2                 NA              127.4  
1897      3                 NA              155.0  
1897      4                 NA              109.8  
1897      5                 NA               88.2  
1897      6                 NA              170.8  
1897      7                 NA              111.9  
1897      8                 NA              177.3  
1897      9                 NA              134.6  
1897     10                 NA                0.5  
1897     11                 NA               59.7  
1897     12                 NA               43.2  
1898      1                 NA               12.7  
1898      2                 NA              132.4  
1898      3                 NA               49.7  
1898      4                 NA               80.6  
1898      5                 NA              110.3  
1898      6                 NA              166.8  
1898      7                 NA               98.1  
1898      8                 NA               88.1  
1898      9                 NA               37.8  
1898     10                 NA              119.3  
1898     11                 NA               71.3  
1898     12                 NA               34.7  
1899      1                 NA              222.2  
1899      2                 NA               14.4  
1899      3                 NA               21.3  
1899      4                 NA              180.5  
1899      5                 NA               96.1  
1899      6                 NA               85.2  
1899      7                 NA              116.9  
1899      8                 NA               82.1  
1899      9                 NA              122.8  
1899     10                 NA              124.4  
1899     11                 NA               29.1  
1899     12                 NA               67.0  
1900      1                 NA              166.0  
1900      2                 NA              149.8  
1900      3                 NA               51.6  
1900      4                 NA              100.4  
1900      5                 NA               80.6  
1900      6                 NA               42.7  
1900      7                 NA              131.9  
1900      8                 NA               94.5  
1900      9                 NA               58.9  
1900     10                 NA               64.6  
1900     11                 NA               49.0  
1900     12                 NA               97.6  
1901      1               -4.5               98.6  
1901      2               -9.0               40.0  
1901      3               -2.0              100.5  
1901      4                5.2              168.5  
1901      5                9.4               43.9  
1901      6               12.7              167.4  
1901      7               14.2              113.5  
1901      8               12.5              148.0  
1901      9               10.6              132.5  
1901     10                4.8               99.5  
1901     11               -2.4               40.6  
1901     12               -3.5              111.5  
1902      1               -3.0               70.4  
1902      2               -3.6               84.6  
1902      3                0.5              164.5  
1902      4                6.9               88.5  
1902      5                4.6              154.0  
1902      6               11.2               69.3  
1902      7               14.2              198.2  
1902      8               12.5              146.8  
1902      9                9.7               78.1  
1902     10                4.4               98.4  
1902     11               -0.3               45.0  
1902     12               -3.9              127.6  
1903      1               -3.5               36.4  
1903      2               -0.8               58.7  
1903      3                1.6               91.0  
1903      4                1.1               99.2  
1903      5                8.9              110.2  
1903      6               10.7               97.9  
1903      7               12.6              201.4  
1903      8               12.8              118.1  
1903      9               10.3               38.6  
1903     10                6.0              220.3  
1903     11                0.2              119.7  
1903     12               -4.3               59.6  
1904      1               -4.9               83.2  
1904      2               -2.9              189.0  
1904      3                0.2               49.8  
1904      4                6.3              101.5  
1904      5               10.6              157.7  
1904      6               12.9              154.4  
1904      7               16.0               54.3  
1904      8               14.0              156.8  
1904      9                8.2               90.8  
1904     10                5.1               68.3  
1904     11               -0.7               33.9  
1904     12               -2.5               90.3  
1905      1               -6.5               56.0  
1905      2               -4.5               28.6  
1905      3                1.2              127.6  
1905      4                5.1              115.8  
1905      5                7.7               60.4  
1905      6               12.6               92.0  
1905      7               15.9               67.4  
1905      8               12.8              299.2  
1905      9               10.4              124.3  
1905     10                0.8              136.3  
1905     11               -0.2              130.4  
1905     12               -3.4               54.9  
1906      1               -3.0               82.9  
1906      2               -4.8               84.9  
1906      3               -1.1              105.9  
1906      4                3.8               53.2  
1906      5                8.6              111.4  
1906      6               11.9               78.5  
1906      7               14.1               97.1  
1906      8               14.2               50.2  
1906      9                9.5               64.2  
1906     10                7.4               38.9  
1906     11                2.0               48.3  
1906     12               -7.2              189.2  
1907      1               -4.9              124.4  
1907      2               -6.8               71.2  
1907      3               -1.1              106.9  
1907      4                3.1              116.1  
1907      5                9.3               64.3  
1907      6               11.9              118.0  
1907      7               12.1               91.9  
1907      8               13.7              127.4  
1907      9               10.7               46.6  
1907     10                6.3               73.9  
1907     11                2.1               18.6  
1907     12               -1.7              136.8  
1908      1               -4.8               60.3  
1908      2               -3.8              181.1  
1908      3               -1.5               77.2  
1908      4                2.4               67.9  
1908      5               10.7               96.6  
1908      6               13.5              105.2  
1908      7               13.2              119.4  
1908      8               11.5               86.9  
1908      9                9.3              119.5  
1908     10                5.5               14.6  
1908     11               -0.5               90.1  
1908     12               -3.8               53.8  
1909      1               -6.4               57.9  
1909      2               -6.9               19.3  
1909      3               -2.3               74.4  
1909      4                5.9               67.9  
1909      5                8.2               58.5  
1909      6               10.0              150.1  
1909      7               11.2              164.2  
1909      8               12.5              127.9  
1909      9                9.0               81.4  
1909     10                6.8              135.4  
1909     11               -1.3               49.7  
1909     12               -1.0              192.5  
1910      1               -2.7              312.3  
1910      2               -2.9              139.1  
1910      3                0.8               21.1  
1910      4                3.4               89.5  
1910      5                7.1               86.0  
1910      6               12.0              203.4  
1910      7               11.4              227.9  
1910      8               12.2              163.4  
1910      9                8.0              151.0  
1910     10                6.7               49.0  
1910     11               -0.8              290.1  
1910     12               -0.7              124.1  
1911      1               -7.0               13.7  
1911      2               -3.4               87.8  
1911      3                1.0              104.7  
1911      4                3.8               58.6  
1911      5                9.1               76.1  
1911      6               11.5              144.0  
1911      7               16.2               33.8  
1911      8               15.8               58.3  
1911      9               12.0               64.1  
1911     10                6.0              134.6  
1911     11                2.9               63.4  
1911     12               -0.4              132.0  
1912      1               -1.2               76.7  
1912      2                0.9               65.8  
1912      3                2.6              115.9  
1912      4                3.0               69.6  
1912      5                9.5              104.4  
1912      6               11.9              208.0  
1912      7               12.6              155.6  
1912      8               10.0              216.2  
1912      9                5.3               50.4  
1912     10                4.1              190.4  
1912     11               -2.8               86.3  
1912     12               -1.8               46.3  
1913      1               -0.7               86.3  
1913      2               -3.1               38.3  
1913      3                2.5               76.4  
1913      4                4.0               72.2  
1913      5                8.5               84.5  
1913      6               11.6              123.2  
1913      7               10.9              170.5  
1913      8               12.1               85.6  
1913      9                9.2               84.5  
1913     10                7.0               35.0  
1913     11                3.1              135.3  
1913     12               -2.9               80.3  
1914      1               -8.5              112.4  
1914      2               -0.5               27.3  
1914      3                0.6              253.1  
1914      4                6.0               70.3  
1914      5                7.3              138.5  
1914      6               10.9               98.4  
1914      7               11.8              202.5  
1914      8               13.4              196.8  
1914      9                9.1              144.1  
1914     10                5.1               52.6  
1914     11                0.0               99.8  
1914     12               -0.8               95.3  
1915      1               -4.4              156.2  
1915      2               -3.9               78.7  
1915      3               -0.6               98.8  
1915      4                2.8              109.5  
1915      5               10.8               98.8  
1915      6               13.4              161.6  
1915      7               12.6              191.4  
1915      8               11.7              138.5  
1915      9                8.4              127.7  
1915     10                3.7               27.9  
1915     11               -2.1              103.5  
1915     12                1.8              143.5  
1916      1               -1.5               72.5  
1916      2               -1.8              163.2  
1916      3                0.4               86.2  
1916      4                4.2              154.9  
1916      5                9.8               61.7  
1916      6               10.1              182.4  
1916      7               12.8              130.7  
1916      8               12.3              141.6  
1916      9                8.1               88.3  
1916     10                5.3              109.3  
1916     11                0.7               98.7  
1916     12               -1.6              178.3  
1917      1               -6.7               83.3  
1917      2               -5.2               15.7  
1917      3               -1.8              133.5  
1917      4                1.0               96.0  
1917      5               11.5               86.0  
1917      6               13.1              132.3  
1917      7               13.0              181.9  
1917      8               11.8              155.7  
1917      9               11.8               51.9  
1917     10                3.1              220.8  
1917     11               -0.1              164.9  
1917     12               -6.4               40.8  
1918      1               -1.9               90.0  
1918      2               -1.4               22.7  
1918      3                0.1               66.0  
1918      4                4.1               68.1  
1918      5               10.0               81.6  
1918      6                9.7              151.3  
1918      7               13.4               94.2  
1918      8               12.4               88.4  
1918      9               10.2              225.7  
1918     10                3.8               64.6  
1918     11                0.8               91.0  
1918     12               -0.3              291.3  
1919      1               -4.3               27.1  
1919      2               -3.4              116.3  
1919      3                0.3              183.2  
1919      4                2.0              218.5  
1919      5                8.5               50.1  
1919      6               11.7              155.9  
1919      7               10.6              167.7  
1919      8               13.8               50.5  
1919      9               11.1               68.8  
1919     10                2.1              101.1  
1919     11               -1.4              172.9  
1919     12               -1.8              221.1  
1920      1               -1.0              169.4  
1920      2               -0.8               17.3  
1920      3                2.6               34.9  
1920      4                5.0               86.6  
1920      5               11.9               81.7  
1920      6               11.5              111.6  
1920      7               13.1              107.9  
1920      8               10.9               95.7  
1920      9                9.8              119.5  
1920     10                5.7               22.6  
1920     11                1.4                1.9  
1920     12               -3.0               45.1  
1921      1               -0.2               76.9  
1921      2               -3.5               10.4  
1921      3                1.8               30.3  
1921      4                3.3               62.8  
1921      5                9.7              121.7  
1921      6               12.4              114.9  
1921      7               16.0               61.2  
1921      8               13.0              209.8  
1921      9               11.6               76.1  
1921     10                7.8               25.2  
1921     11               -0.7               91.6  
1921     12               -1.6               94.4  
1922      1               -4.2              178.8  
1922      2               -3.3               86.7  
1922      3                1.1               67.7  
1922      4                2.0              226.2  
1922      5               10.5               52.2  
1922      6               12.8              173.9  
1922      7               12.1              208.8  
1922      8               13.1              130.3  
1922      9                7.7               97.8  
1922     10                4.1              150.2  
1922     11               -0.6              157.0  
1922     12               -3.8              115.3  
1923      1               -5.0               57.3  
1923      2               -1.2              104.4  
1923      3                0.8               41.7  
1923      4                4.3               50.3  
1923      5                8.6              149.8  
1923      6                9.2              113.4  
1923      7               15.3               68.2  
1923      8               13.8              111.5  
1923      9                9.7               99.7  
1923     10                8.0              191.3  
1923     11                1.3              174.6  
1923     12               -2.2              236.2  
1924      1               -3.7               55.9  
1924      2               -5.2               26.8  
1924      3                0.4               42.8  
1924      4                4.8              170.9  
1924      5               10.3              132.3  
1924      6               12.3              166.6  
1924      7               13.6              160.8  
1924      8                9.9              173.6  
1924      9               10.0              136.0  
1924     10                5.7               94.0  
1924     11                1.0               26.5  
1924     12               -1.0               22.6  
1925      1                0.5               40.1  
1925      2               -0.4               49.0  
1925      3               -1.2               33.8  
1925      4                4.7              102.6  
1925      5                9.1              132.6  
1925      6               13.1               46.0  
1925      7               13.1              141.0  
1925      8               12.4              192.7  
1925      9                8.0              124.2  
1925     10                6.6               26.7  
1925     11                0.2               81.1  
1925     12               -2.3              159.9  
1926      1               -3.1              101.3  
1926      2                2.4               72.2  
1926      3                2.4              105.8  
1926      4                5.5               85.4  
1926      5                7.0              144.9  
1926      6                9.6              181.5  
1926      7               12.7              126.2  
1926      8               12.9              115.9  
1926      9               11.8               90.9  
1926     10                6.4              144.6  
1926     11                3.6               86.6  
1926     12               -4.5               67.6  
1927      1               -2.7               79.3  
1927      2               -3.0               40.2  
1927      3                1.5              143.9  
1927      4                4.8              151.1  
1927      5                9.8               82.4  
1927      6               11.9              161.1  
1927      7               13.5              184.6  
1927      8               11.9              326.6  
1927      9                9.5              184.6  
1927     10                5.5               32.5  
1927     11                1.5               78.4  
1927     12               -1.9               50.0  
1928      1               -1.8               62.6  
1928      2               -1.5              118.9  
1928      3                2.1               53.1  
1928      4                4.9               95.3  
1928      5                6.9              110.5  
1928      6               12.4               84.0  
1928      7               16.5               81.9  
1928      8               14.9              189.3  
1928      9               10.1              142.8  
1928     10                5.3              111.3  
1928     11                2.6              212.1  
1928     12               -4.4              111.6  
1929      1               -7.5               32.7  
1929      2               -7.9               24.7  
1929      3                0.5                8.9  
1929      4                1.9              120.0  
1929      5                9.2              127.3  
1929      6               13.1              113.0  
1929      7               14.7              110.3  
1929      8               12.9              142.0  
1929      9               12.4               72.0  
1929     10                6.4              123.7  
1929     11                1.6               59.0  
1929     12               -0.2              156.8  
1930      1               -0.7               52.1  
1930      2               -3.4               28.4  
1930      3                2.0               85.5  
1930      4                5.0              125.5  
1930      5                7.8              159.6  
1930      6               14.2              138.9  
1930      7               12.3              228.5  
1930      8               12.8              177.0  
1930      9               10.8              126.0  
1930     10                5.3              296.2  
1930     11                3.9              191.0  
1930     12               -3.1               79.0  
1931      1               -4.0              140.8  
1931      2               -5.0               93.1  
1931      3               -0.7              135.1  
1931      4                3.8               67.5  
1931      5               10.8               86.0  
1931      6               14.9              107.2  
1931      7               12.9              169.1  
1931      8               11.4              239.5  
1931      9                6.1              116.7  
1931     10                5.5               63.3  
1931     11                2.6               36.9  
1931     12               -4.4               57.2  
1932      1               -2.3              111.9  
1932      2               -7.2                4.6  
1932      3               -0.9              110.4  
1932      4                2.5               90.4  
1932      5                7.7              177.4  
1932      6               11.1              118.9  
1932      7               12.8              195.1  
1932      8               15.4               59.0  
1932      9               12.3               70.3  
1932     10                5.3              173.4  
1932     11                1.7               25.1  
1932     12               -0.8               29.8  
1933      1               -5.9               23.4  
1933      2               -2.7               74.2  
1933      3                1.6               77.8  
1933      4                5.4               60.8  
1933      5                7.6              148.3  
1933      6                9.5              193.4  
1933      7               14.5              168.7  
1933      8               14.4               80.9  
1933      9               11.1              115.7  
1933     10                6.1              120.3  
1933     11                0.1               52.1  
1933     12               -7.6               13.3  
1934      1               -4.1               99.1  
1934      2               -4.1                2.2  
1934      3                0.1               80.6  
1934      4                6.6               34.5  
1934      5               10.8               20.1  
1934      6               12.3              175.3  
1934      7               14.6              109.4  
1934      8               11.7              174.2  
1934      9               11.2               55.6  
1934     10                5.0              119.1  
1934     11               -0.2               64.3  
1934     12                1.3              107.2  
1935      1               -7.1              108.4  
1935      2               -2.1              172.9  
1935      3               -0.7               86.6  
1935      4                3.3              127.9  
1935      5                7.4               88.8  
1935      6               14.0              109.3  
1935      7               14.6               72.3  
1935      8               12.1              193.2  
1935      9               10.8               96.9  
1935     10                5.6              182.9  
1935     11                2.0               50.9  
1935     12               -3.6              211.7  
1936      1                0.6              147.5  
1936      2               -2.1              135.8  
1936      3                2.5               28.6  
1936      4                4.1              126.5  
1936      5                9.4               80.3  
1936      6               11.3              141.1  
1936      7               12.7              207.3  
1936      8               12.6               95.7  
1936      9                9.8              239.3  
1936     10                1.7               77.8  
1936     11                1.1               64.9  
1936     12               -1.7              103.4  
1937      1               -0.8               93.0  
1937      2                0.1              166.7  
1937      3               -0.3              113.2  
1937      4                3.7              103.8  
1937      5               10.0              114.1  
1937      6               12.8              119.6  
1937      7               14.1              120.0  
1937      8               12.9               64.5  
1937      9                9.4               76.8  
1937     10                6.5               18.7  
1937     11                0.6               51.0  
1937     12               -4.9               75.3  
1938      1               -3.2              126.5  
1938      2               -4.5               69.0  
1938      3                2.6               33.4  
1938      4                1.8               25.8  
1938      5                7.4              126.7  
1938      6               13.3              158.3  
1938      7               13.1              144.6  
1938      8               12.7              155.8  
1938      9               10.5               80.1  
1938     10                5.9               50.5  
1938     11                3.2              104.4  
1938     12               -3.6               77.4  
1939      1               -2.9              128.7  
1939      2               -1.8               24.8  
1939      3               -2.7              159.4  
1939      4                5.3               88.0  
1939      5                6.3              155.0  
1939      6               11.8              138.3  
1939      7               12.4              118.7  
1939      8               12.5              109.5  
1939      9                9.1              120.3  
1939     10                4.7              213.1  
1939     11                2.6              189.8  
1939     12               -3.7               79.2  
1940      1               -7.4               70.8  
1940      2               -1.7               91.6  
1940      3                1.1              127.9  
1940      4                4.7               97.9  
1940      5                8.4              120.5  
1940      6               11.4              116.8  
1940      7               12.3              195.4  
1940      8               11.7              136.6  
1940      9                9.8              295.5  
1940     10                5.2               83.8  
1940     11                2.0              161.8  
1940     12               -8.4              143.0  
1941      1               -5.1               82.1  
1941      2               -2.6              103.3  
1941      3                1.2               75.7  
1941      4                3.3               49.8  
1941      5                5.7              121.9  
1941      6               12.7              128.1  
1941      7               15.1               98.1  
1941      8               11.9              269.8  
1941      9                9.7               24.2  
1941     10                4.5              150.6  
1941     11                0.2               42.0  
1941     12               -4.8               75.9  
1942      1               -7.5              122.9  
1942      2               -7.2               25.1  
1942      3                2.6               61.2  
1942      4                5.1               98.3  
1942      5                9.1              124.8  
1942      6               12.9              116.4  
1942      7               13.9              141.4  
1942      8               13.6              114.9  
1942      9               12.0               91.9  
1942     10                8.3               75.5  
1942     11               -1.7               51.5  
1942     12               -1.4               54.6  
1943      1               -2.4              135.0  
1943      2               -1.7               51.6  
1943      3                2.9               61.9  
1943      4                5.5               98.4  
1943      5               10.2              115.3  
1943      6               11.3              167.0  
1943      7               14.0              147.6  
1943      8               14.6               79.4  
1943      9               11.1              142.2  
1943     10                7.5                4.9  
1943     11               -0.5              116.3  
1943     12               -2.3               39.6  
1944      1               -2.1               85.0  
1944      2               -5.5              160.9  
1944      3               -2.0               46.9  
1944      4                6.1               56.6  
1944      5                9.3               29.4  
1944      6               11.5              128.9  
1944      7               13.5              165.2  
1944      8               15.8              153.6  
1944      9                9.5              145.7  
1944     10                4.2              125.0  
1944     11                0.4              329.4  
1944     12               -4.1              156.2  
1945      1               -8.7               91.9  
1945      2                0.3              109.1  
1945      3                1.9              118.2  
1945      4                6.6               70.0  
1945      5               10.5              115.4  
1945      6               13.9               93.2  
1945      7               15.5               59.9  
1945      8               12.8              158.7  
1945      9               10.5              149.5  
1945     10                5.7               93.7  
1945     11               -0.4               54.5  
1945     12               -2.4              127.3  
1946      1               -4.5               70.1  
1946      2               -0.3              168.2  
1946      3                2.1               42.3  
1946      4                7.7               20.5  
1946      5               10.6              107.4  
1946      6               11.3              263.3  
1946      7               14.8              128.7  
1946      8               12.8              166.5  
1946      9               10.9              160.4  
1946     10                5.3               45.9  
1946     11                1.0               47.8  
1946     12               -4.8               90.7  
1947      1               -6.3               65.7  
1947      2               -3.0               42.8  
1947      3                2.4              173.1  
1947      4                8.4               41.9  
1947      5               11.3               69.2  
1947      6               14.2              133.4  
1947      7               15.6              101.0  
1947      8               15.6               62.2  
1947      9               12.2               46.8  
1947     10                6.6               44.9  
1947     11                3.7              152.2  
1947     12               -2.8              207.3  
1948      1               -0.7              177.9  
1948      2               -1.1               73.6  
1948      3                4.9               25.6  
1948      4                5.6               83.3  
1948      5               10.1               84.1  
1948      6               11.0              273.3  
1948      7               11.4              253.0  
1948      8               12.8              176.8  
1948      9                9.9               92.3  
1948     10                6.3               30.4  
1948     11                2.4               65.3  
1948     12               -2.7               49.5  
1949      1               -2.6               82.7  
1949      2               -2.1               31.1  
1949      3               -1.2               97.2  
1949      4                7.5              105.9  
1949      5                8.3               94.5  
1949      6               12.8               84.3  
1949      7               15.4               45.0  
1949      8               14.5              102.8  
1949      9               13.5              110.2  
1949     10                7.8               58.7  
1949     11                0.4              100.6  
1949     12               -0.8               83.3  
1950      1               -3.7              104.6  
1950      2               -0.1              119.3  
1950      3                1.9               20.4  
1950      4                3.3              133.8  
1950      5               10.7               81.5  
1950      6               14.2              132.7  
1950      7               16.5               98.3  
1950      8               13.7              171.9  
1950      9                9.8              158.1  
1950     10                5.6               38.0  
1950     11                1.7              294.0  
1950     12               -4.9               73.6  
1951      1               -2.0               99.5  
1951      2               -1.7               96.9  
1951      3               -0.5              160.6  
1951      4                4.6               84.4  
1951      5                8.7               84.5  
1951      6               12.0              140.8  
1951      7               14.1              186.1  
1951      8               12.9              141.0  
1951      9               11.3               74.0  
1951     10                5.9               51.0  
1951     11                2.6              163.0  
1951     12               -1.0               68.4  
1952      1               -4.7              139.3  
1952      2               -4.4              114.2  
1952      3                2.1              138.1  
1952      4                6.7               69.6  
1952      5               10.3               48.0  
1952      6               13.9              136.6  
1952      7               16.4               37.9  
1952      8               13.6              164.7  
1952      9                7.3              180.8  
1952     10                5.1              213.3  
1952     11               -0.7              262.6  
1952     12               -2.9              160.1  
1953      1               -7.6               40.0  
1953      2               -5.3               71.4  
1953      3                0.9                8.8  
1953      4                5.7               75.3  
1953      5               10.3              102.8  
1953      6               10.9              265.0  
1953      7               14.1              107.5  
1953      8               13.3              108.0  
1953      9               11.1              116.4  
1953     10                7.4               37.2  
1953     11                1.3               49.9  
1953     12                0.3               43.9  
1954      1               -6.1               95.5  
1954      2               -3.6               59.5  
1954      3                1.9               38.5  
1954      4                3.2              142.3  
1954      5                7.9              114.5  
1954      6               12.5               91.2  
1954      7               11.9              148.3  
1954      8               11.6              234.5  
1954      9               10.6              212.0  
1954     10                6.0              103.2  
1954     11                2.1               69.6  
1954     12               -1.4              134.3  
1955      1               -0.7              254.3  
1955      2               -2.7              202.6  
1955      3               -1.0               30.5  
1955      4                5.2               37.9  
1955      5                8.3              189.2  
1955      6               12.2              165.5  
1955      7               13.5              139.3  
1955      8               12.3              202.6  
1955      9                9.3              118.7  
1955     10                4.2               40.9  
1955     11               -0.4               25.9  
1955     12                0.4              153.0  
1956      1               -1.9              132.6  
1956      2              -11.7               12.7  
1956      3                1.0               39.7  
1956      4                2.9              107.2  
1956      5                9.5              146.6  
1956      6                9.8              110.0  
1956      7               13.3              166.5  
1956      8               11.6              268.9  
1956      9               11.3               87.6  
1956     10                3.8              136.5  
1956     11               -1.3               62.8  
1956     12               -2.9               15.3  
1957      1               -4.5               45.7  
1957      2                0.6              182.6  
1957      3                4.6               24.5  
1957      4                5.1               42.4  
1957      5                6.5               89.4  
1957      6               12.7              166.3  
1957      7               13.7              181.1  
1957      8               12.4              135.2  
1957      9                9.3              144.1  
1957     10                5.5               39.4  
1957     11                1.5               13.3  
1957     12               -3.6               66.0  
1958      1               -3.8              134.7  
1958      2               -0.1              203.3  
1958      3               -2.0               77.9  
1958      4                2.2               64.2  
1958      5               11.1              111.5  
1958      6               11.4              188.5  
1958      7               13.8              128.8  
1958      8               13.8              187.4  
1958      9               12.1              103.3  
1958     10                4.7              138.4  
1958     11                0.9               66.4  
1958     12               -0.4               87.7  
1959      1               -3.1              133.1  
1959      2               -0.9                6.5  
1959      3                3.7               66.7  
1959      4                5.4              125.2  
1959      5                9.7               65.3  
1959      6               12.9              151.0  
1959      7               15.4              128.2  
1959      8               12.9              132.6  
1959      9               11.9              101.4  
1959     10                5.3               91.1  
1959     11                0.4               24.7  
1959     12               -1.1              205.4  
1960      1               -3.9               67.0  
1960      2               -0.7              121.8  
1960      3                2.6               73.4  
1960      4                4.8               26.5  
1960      5               10.6               87.4  
1960      6               13.1              126.6  
1960      7               12.0              220.3  
1960      8               12.1              315.0  
1960      9                8.5              202.9  
1960     10                4.9              150.7  
1960     11                2.5              165.7  
1960     12               -3.0               44.2  
1961      1               -2.9               95.5  
1961      2                0.9              149.6  
1961      3                2.4               44.1  
1961      4                7.2              128.5  
1961      5                7.9              104.0  
1961      6               12.9              132.6  
1961      7               12.7              175.1  
1961      8               12.7              105.8  
1961      9               13.2               45.2  
1961     10                6.5              120.5  
1961     11                1.1               50.8  
1961     12               -1.0              174.0  
1962      1               -1.7              183.2  
1962      2               -3.3              117.1  
1962      3               -1.7              100.8  
1962      4                4.2               81.3  
1962      5                7.4              151.8  
1962      6               11.6               49.3  
1962      7               13.3               50.9  
1962      8               14.7               86.1  
1962      9               10.1              105.5  
1962     10                5.9               29.9  
1962     11               -0.5               26.0  
1962     12               -5.9              184.5  
1963      1               -8.6               69.2  
1963      2               -7.1               61.1  
1963      3               -0.5              170.4  
1963      4                5.5               58.1  
1963      5                8.1               87.6  
1963      6               11.7              220.3  
1963      7               14.6               99.0  
1963      8               11.9              237.3  
1963      9               10.3               84.7  
1963     10                6.0               73.0  
1963     11                3.7              236.3  
1963     12               -3.8                3.1  
1964      1               -5.2               16.1  
1964      2               -0.7               15.6  
1964      3                0.8              106.6  
1964      4                6.0              107.9  
1964      5               10.9              151.7  
1964      6               13.3              104.4  
1964      7               14.9              128.7  
1964      8               12.7              126.6  
1964      9               10.7              122.3  
1964     10                4.3              145.3  
1964     11                2.0               75.7  
1964     12               -3.7               45.0  
1965      1               -2.8              107.3  
1965      2               -7.0               63.7  
1965      3                0.1              134.6  
1965      4                3.2              152.7  
1965      5                8.5              154.4  
1965      6               12.5              126.4  
1965      7               12.4              246.7  
1965      8               12.0              125.6  
1965      9                8.3              157.0  
1965     10                6.5               23.8  
1965     11                1.6              197.4  
1965     12               -0.6              265.1  
1966      1               -5.3               88.6  
1966      2                2.3              147.2  
1966      3               -0.3              133.1  
1966      4                6.1              121.2  
1966      5                9.5               92.4  
1966      6               12.9               68.2  
1966      7               12.1              104.8  
1966      8               11.9              185.1  
1966      9               11.7               53.1  
1966     10                7.9               59.8  
1966     11               -0.9               98.4  
1966     12               -2.4              178.4  
1967      1               -4.3               62.9  
1967      2               -1.1              111.8  
1967      3                2.2              187.2  
1967      4                3.4               81.4  
1967      5                8.7              155.3  
1967      6               11.1               80.7  
1967      7               15.4              104.3  
1967      8               13.4              115.1  
1967      9                9.6               92.5  
1967     10                7.9              102.9  
1967     11                2.2               65.6  
1967     12               -4.8              106.3  
1968      1               -4.3              234.7  
1968      2               -1.2               70.3  
1968      3                0.5               66.1  
1968      4                5.9               66.5  
1968      5                8.4               74.7  
1968      6               11.6               84.2  
1968      7               13.3              159.4  
1968      8               11.3              255.6  
1968      9                9.4              235.3  
1968     10                8.3               44.0  
1968     11                1.6               79.8  
1968     12               -3.1              158.7  
1969      1               -2.9               47.3  
1969      2               -4.9               51.1  
1969      3                0.5               61.0  
1969      4                3.9              132.5  
1969      5               10.0               65.2  
1969      6               10.0              188.3  
1969      7               14.2              164.4  
1969      8               12.4              179.9  
1969      9               10.7               74.3  
1969     10                6.9               15.6  
1969     11                1.0              173.2  
1969     12               -8.0               82.2  
1970      1               -2.5               59.2  
1970      2               -2.3              247.6  
1970      3               -2.2              120.6  
1970      4                1.6              202.7  
1970      5                7.5               65.4  
1970      6               13.3              112.1  
1970      7               13.7              129.4  
1970      8               13.3              150.0  
1970      9               11.4               44.1  
1970     10                5.2              107.0  
1970     11                2.9              118.8  
1970     12               -3.7               33.0  
1971      1               -3.8               61.8  
1971      2               -2.2               48.8  
1971      3               -3.2               79.8  
1971      4                7.4               31.3  
1971      5               10.2              107.0  
1971      6               10.9              223.0  
1971      7               15.4               67.6  
1971      8               15.0              205.1  
1971      9               10.1               42.3  
1971     10                7.1               32.2  
1971     11               -0.2              160.6  
1971     12               -1.9               19.4  
1972      1               -2.7               24.1  
1972      2                0.2               41.8  
1972      3                2.6               61.4  
1972      4                4.2              146.2  
1972      5                8.1               91.9  
1972      6               11.0              136.3  
1972      7               13.5               80.9  
1972      8               12.5               71.2  
1972      9                7.6               33.8  
1972     10                4.7               73.5  
1972     11                2.1              282.7  
1972     12               -2.3               33.6  
1973      1               -3.5               42.0  
1973      2               -4.6               90.8  
1973      3               -0.7               24.5  
1973      4                1.7              112.6  
1973      5               10.2               74.1  
1973      6               12.7              219.3  
1973      7               13.4              204.0  
1973      8               15.4              112.8  
1973      9               11.5               84.3  
1973     10                4.8               92.9  
1973     11                1.5               79.4  
1973     12               -2.5               96.8  
1974      1               -0.4               54.5  
1974      2               -0.1               81.1  
1974      3                3.2               50.7  
1974      4                4.8               44.9  
1974      5                8.2              143.9  
1974      6               10.8              221.7  
1974      7               13.3              105.5  
1974      8               14.5              117.0  
1974      9                9.8              169.3  
1974     10                0.9              232.4  
1974     11                0.5              164.5  
1974     12               -0.8              110.3  
1975      1                0.4              107.4  
1975      2               -0.5               18.6  
1975      3                0.1               78.7  
1975      4                4.6              102.2  
1975      5                9.0               87.8  
1975      6               10.6              162.0  
1975      7               14.2              120.9  
1975      8               14.2              209.2  
1975      9               12.1              126.0  
1975     10                4.8               50.8  
1975     11                0.7              126.7  
1975     12               -3.5               11.6  
1976      1               -2.5               47.6  
1976      2               -0.7               84.8  
1976      3                0.7               25.7  
1976      4                4.5               70.4  
1976      5                9.9               91.3  
1976      6               14.3               66.0  
1976      7               14.4              207.7  
1976      8               12.3               64.1  
1976      9                9.0               89.6  
1976     10                7.2               62.5  
1976     11                0.9               82.6  
1976     12               -4.5              194.5  
1977      1               -2.6              100.5  
1977      2                0.3              165.1  
1977      3                3.6               56.5  
1977      4                3.5              215.4  
1977      5                8.1              119.6  
1977      6               11.4              115.7  
1977      7               13.6              182.3  
1977      8               12.6               99.4  
1977      9                9.9               23.0  
1977     10                7.9              105.1  
1977     11                0.4              207.0  
1977     12               -1.7               88.5  
1978      1               -3.2              114.1  
1978      2               -2.0              130.1  
1978      3                1.8              155.1  
1978      4                3.5               68.7  
1978      5                7.9              121.3  
1978      6               11.2              172.2  
1978      7               13.1               92.5  
1978      8               12.3              164.7  
1978      9               10.4               94.3  
1978     10                5.6               47.9  
1978     11                0.9               16.6  
1978     12               -0.8              157.1  
1979      1               -4.6              168.0  
1979      2               -0.3              111.3  
1979      3                1.8              164.4  
1979      4                3.1               85.0  
1979      5                8.9               82.0  
1979      6               12.9              135.8  
1979      7               13.8               58.4  
1979      8               12.2              165.0  
1979      9               10.6               69.9  
1979     10                7.9               99.5  
1979     11                0.6              155.4  
1979     12               -0.3              238.6  
1980      1               -4.5              151.0  
1980      2                0.2              121.3  
1980      3                1.4              111.0  
1980      4                2.3               83.6  
1980      5                7.6               86.1  
1980      6               10.4              230.8  
1980      7               12.1              203.7  
1980      8               14.3              116.3  
1980      9               11.6               80.4  
1980     10                5.3              235.8  
1980     11                0.7               82.8  
1980     12               -4.2               99.7  
1981      1               -4.5              146.4  
1981      2               -4.5               56.2  
1981      3                3.2              158.7  
1981      4                6.6               22.9  
1981      5                8.6              167.5  
1981      6               12.3               98.3  
1981      7               12.4              205.3  
1981      8               14.2               51.5  
1981      9               11.1              150.6  
1981     10                5.9              292.5  
1981     11                1.6              108.0  
1981     12               -2.0              267.7  
1982      1               -0.3              145.0  
1982      2               -1.0               26.3  
1982      3                0.1              126.0  
1982      4                4.5               46.7  
1982      5                9.7               76.3  
1982      6               13.2              224.9  
1982      7               15.9              124.2  
1982      8               13.4              190.4  
1982      9               12.6               69.2  
1982     10                6.3              207.1  
1982     11                3.2               45.4  
1982     12               -0.5              187.0  
1983      1               -0.5              113.8  
1983      2               -5.0               66.1  
1983      3                2.2               46.5  
1983      4                5.4              156.9  
1983      5                7.3              189.5  
1983      6               13.3               80.9  
1983      7               18.5               30.7  
1983      8               14.4              184.1  
1983      9               11.5              168.8  
1983     10                6.6               72.9  
1983     11                1.4              135.2  
1983     12               -1.2               68.8  
1984      1               -2.0              178.5  
1984      2               -4.2              116.4  
1984      3               -1.4               70.0  
1984      4                3.9               39.8  
1984      5                6.3               89.7  
1984      6               11.9              100.0  
1984      7               14.5               86.0  
1984      8               13.6               91.5  
1984      9                9.3              313.2  
1984     10                7.1               66.8  
1984     11                4.2              104.8  
1984     12               -0.7               67.8  
1985      1               -7.7              101.4  
1985      2               -2.5              129.1  
1985      3               -0.4               82.9  
1985      4                4.9              132.3  
1985      5                9.0              161.2  
1985      6               11.3              257.2  
1985      7               15.7               92.9  
1985      8               13.8              157.7  
1985      9               12.4               36.9  
1985     10                7.2                9.5  
1985     11               -1.7              164.7  
1985     12                0.1               77.3  
1986      1               -2.4              222.0  
1986      2               -6.1               41.6  
1986      3                1.5              127.5  
1986      4                3.2              130.3  
1986      5               11.5              168.3  
1986      6               12.7              147.7  
1986      7               14.1              139.3  
1986      8               13.9              199.9  
1986      9               11.3               46.8  
1986     10                8.0              159.9  
1986     11                2.2               74.4  
1986     12               -1.5              149.6  
1987      1               -7.3              107.3  
1987      2               -1.8               95.4  
1987      3               -1.7              110.3  
1987      4                6.2              125.9  
1987      5                6.7              148.3  
1987      6               11.2              236.0  
1987      7               14.9              138.9  
1987      8               14.5               96.7  
1987      9               13.8               93.6  
1987     10                8.7               69.5  
1987     11                1.9              131.7  
1987     12                0.1               68.0  
1988      1                0.7              125.2  
1988      2               -1.8              167.7  
1988      3               -0.3              229.7  
1988      4                6.2               41.0  
1988      5               10.6              147.2  
1988      6               12.0               76.1  
1988      7               14.5              145.1  
1988      8               14.4              161.8  
1988      9               10.7               81.5  
1988     10                8.5              161.5  
1988     11                0.3               45.7  
1988     12               -1.4              155.4  
1989      1               -2.3               17.6  
1989      2                0.4               78.7  
1989      3                4.3               78.4  
1989      4                4.2              143.4  
1989      5               10.7               80.6  
1989      6               12.1               72.0  
1989      7               15.4              125.4  
1989      8               14.3              135.7  
1989      9               10.9               50.9  
1989     10                7.0              109.0  
1989     11                1.1               50.6  
1989     12                0.0               93.8  
1990      1               -1.3               37.2  
1990      2                3.0              279.6  
1990      3                3.5               69.6  
1990      4                4.0              114.0  
1990      5               11.4               61.3  
1990      6               11.9              267.3  
1990      7               15.3               76.8  
1990      8               15.1               99.9  
1990      9               10.3              129.8  
1990     10                8.3              135.4  
1990     11                1.1              121.7  
1990     12               -3.9               80.4  
1991      1               -2.4               68.7  
1991      2               -3.2               36.7  
1991      3                4.7               89.8  
1991      4                4.0               68.3  
1991      5                6.5               89.2  
1991      6               11.7              198.2  
1991      7               16.0              183.7  
1991      8               16.3               18.1  
1991      9               13.0              103.5  
1991     10                5.5               88.1  
1991     11                1.6              126.8  
1991     12               -3.2              156.0  
1992      1               -3.7               10.9  
1992      2               -1.2              108.8  
1992      3                3.1              106.1  
1992      4                5.8               92.7  
1992      5               11.2               84.7  
1992      6               12.1              135.8  
1992      7               14.9              156.3  
1992      8               16.6               84.1  
1992      9               11.1               91.0  
1992     10                5.1              195.2  
1992     11                4.0              279.2  
1992     12               -1.3              112.5  
1993      1                0.3               63.0  
1993      2               -2.4               54.2  
1993      3                0.9               57.4  
1993      4                6.5              126.3  
1993      5               10.8              121.1  
1993      6               12.9              150.0  
1993      7               13.5              226.8  
1993      8               14.5              120.8  
1993      9               10.0              180.6  
1993     10                5.4               90.3  
1993     11               -0.6               63.7  
1993     12                0.4              219.9  
1994      1               -0.6              132.8  
1994      2                0.0               26.0  
1994      3                5.6               55.4  
1994      4                3.7              136.3  
1994      5               10.4              208.9  
1994      6               13.1              116.9  
1994      7               16.9               87.8  
1994      8               15.9              143.0  
1994      9               10.7              167.0  
1994     10                7.2               90.7  
1994     11                5.0               68.6  
1994     12                0.5              135.1  
1995      1               -3.5              258.6  
1995      2                1.6              181.9  
1995      3                0.0              158.2  
1995      4                5.6               54.1  
1995      5                9.2              166.7  
1995      6               11.6               70.3  
1995      7               16.9              134.5  
1995      8               13.7              183.1  
1995      9                8.6              170.3  
1995     10                9.7                7.1  
1995     11                1.4               91.6  
1995     12               -1.0              109.7  
1996      1               -0.4               28.8  
1996      2               -3.2               73.8  
1996      3                0.1               47.0  
1996      4                6.2               58.7  
1996      5                9.5              131.1  
1996      6               13.6               95.5  
1996      7               14.0              129.1  
1996      8               13.8              185.9  
1996      9                8.1               77.3  
1996     10                6.8              109.6  
1996     11                1.9              205.9  
1996     12               -1.5               69.9  
1997      1               -2.2               69.8  
1997      2                1.2              115.4  
1997      3                4.3               48.2  
1997      4                4.9               76.1  
1997      5               10.2               86.4  
1997      6               12.5              158.4  
1997      7               13.4              244.0  
1997      8               15.9              123.5  
1997      9               12.7               87.4  
1997     10                6.6               94.5  
1997     11                2.4               55.9  
1997     12               -0.9              165.5  
1998      1               -2.1              109.4  
1998      2                0.2               15.2  
1998      3                2.6               88.1  
1998      4                5.1              107.4  
1998      5               10.6               59.4  
1998      6               13.6              145.6  
1998      7               15.5              117.5  
1998      8               14.8               55.8  
1998      9               10.4              168.3  
1998     10                7.0              146.6  
1998     11               -1.6              129.2  
1998     12               -2.8               73.6  
1999      1               -1.3              111.2  
1999      2               -3.7              192.6  
1999      3                2.2               55.8  
1999      4                5.1              128.8  
1999      5               12.1              219.2  
1999      6               12.3              142.2  
1999      7               15.9              105.6  
1999      8               15.1              242.2  
1999      9               13.1              114.2  
1999     10                7.3               89.4  
1999     11               -0.7               66.4  
1999     12               -1.0              187.4  
2000      1               -4.2               41.9  
2000      2                0.0              146.2  
2000      3                2.5               57.6  
2000      4                6.7               64.3  
2000      5               11.4               86.6  
2000      6               14.9               70.0  
2000      7               12.9              190.8  
2000      8               15.2               89.1  
2000      9               11.9               83.2  
2000     10                7.5               96.1  
2000     11                2.5               93.6  
2000     12                0.9               56.0  
2001      1               -1.2              121.7  
2001      2                0.5               30.4  
2001      3                4.6              236.4  
2001      4                3.6              190.7  
2001      5               12.0               71.8  
2001      6               12.0              209.0  
2001      7               15.2              110.9  
2001      8               16.0              116.7  
2001      9                8.7              168.4  
2001     10               10.5               59.0  
2001     11               -0.1              115.9  
2001     12               -4.2               56.9  
2002      1               -2.6               25.7  
2002      2                2.0              103.3  
2002      3                4.1               97.8  
2002      4                6.1               44.0  
2002      5                9.2              127.2  
2002      6               15.8              173.7  
2002      7               14.7              156.1  
2002      8               13.9              154.9  
2002      9               10.2              119.4  
2002     10                7.5              144.4  
2002     11                3.0              197.2  
2002     12                0.8              101.4  
2003      1               -3.7              120.1  
2003      2               -4.9               48.3  
2003      3                3.6               46.8  
2003      4                6.3               90.1  
2003      5               11.3               98.2  
2003      6               18.0               70.0  
2003      7               16.6              143.7  
2003      8               18.5              113.6  
2003      9               11.2               72.4  
2003     10                4.3              168.4  
2003     11                3.1               42.7  
2003     12               -1.0               68.5  
2004      1               -1.6              242.0  
2004      2               -1.4               35.6  
2004      3                1.1               55.4  
2004      4                5.9               57.2  
2004      5                9.0               94.3  
2004      6               13.3              113.7  
2004      7               14.9              100.0  
2004      8               14.8              270.1  
2004      9               12.2               68.7  
2004     10                8.7              115.5  
2004     11                1.1               16.5  
2004     12               -1.6               50.1  
2005      1               -3.4               93.9  
2005      2               -5.4               93.9  
2005      3                1.4               33.7  
2005      4                5.7               94.9  
2005      5               10.5               91.2  
2005      6               15.3               87.2  
2005      7               15.0              120.1  
2005      8               13.2              209.5  
2005      9               12.3               94.8  
2005     10                8.5               59.2  
2005     11                1.0               24.0  
2005     12               -5.6              110.4  
2006      1               -4.2               27.6  
2006      2               -2.6               55.2  
2006      3               -0.1              186.2  
2006      4                6.0              126.5  
2006      5               10.2              188.3  
2006      6               14.7               44.9  
2006      7               18.2               89.4  
2006      8               11.7              272.6  
2006      9               13.5               90.8  
2006     10                9.8               82.3  
2006     11                4.1               61.2  
2006     12               -0.9              108.1  
2007      1                0.8              111.7  
2007      2                1.5               93.7  
2007      3                2.5              114.0  
2007      4                9.5               47.8  
2007      5               10.5              228.5  
2007      6               13.3              206.1  
2007      7               13.8              316.6  
2007      8               14.1              193.2  
2007      9                9.9               70.7  
2007     10                6.6               28.0  
2007     11                0.1               57.1  
2007     12               -3.2              154.2  
2008      1               -0.3               65.7  
2008      2                0.7               23.0  
2008      3                1.1              123.9  
2008      4                4.9              161.7  
2008      5               11.5               53.1  
2008      6               13.9               77.8  
2008      7               14.9              113.3  
2008      8               14.6              132.5  
2008      9                9.7              120.0  
2008     10                7.5              105.5  
2008     11                1.6               57.4  
2008     12               -3.0               98.1  
2009      1               -5.4               63.4  
2009      2               -2.9               64.4  
2009      3                1.0              111.1  
2009      4                7.6               22.2  
2009      5               12.3               81.5  
2009      6               13.5              198.0  
2009      7               15.7              166.3  
2009      8               16.8               43.8  
2009      9               12.5               71.6  
2009     10                7.1               61.4  
2009     11                4.3              163.2  
2009     12               -2.0              135.2  
2010      1               -5.1               39.3  
2010      2               -3.1               69.1  
2010      3                1.1               64.7  
2010      4                6.7               28.9  
2010      5                9.0              129.1  
2010      6               13.3              115.7  
2010      7               16.8              122.7  
2010      8               13.9              221.1  
2010      9               10.4               64.8  
2010     10                6.4               44.1  
2010     11                2.1               81.6  
2010     12               -3.5               89.5  
2011      1               -2.3               53.9  
2011      2                0.1               41.5  
2011      3                3.7               31.5  
2011      4                9.1               37.1  
2011      5               11.8              137.0  
2011      6               13.0              151.5  
2011      7               13.1              148.1  
2011      8               15.9              101.5  
2011      9               13.2              111.4  
2011     10                6.6              118.8  
2011     11                3.2                0.0  
2011     12                0.0              310.0  
2012      1               -1.7              142.1  
2012      2               -7.3               28.7  
2012      3                4.4               19.8  
2012      4                6.0              112.1  
2012      5               11.0               87.1  
2012      6               14.8              127.2  
2012      7               15.2              107.4  
2012      8               16.5              176.8  
2012      9               11.5              162.1  
2012     10                7.9              137.0  
2012     11                3.7              105.4  
2012     12               -1.4              177.2  
2013      1               -2.4               62.8  
2013      2               -4.9               90.9  
2013      3                0.6               69.3  
2013      4                6.3               93.6  
2013      5                7.5              195.0  
2013      6               12.8               88.7  
2013      7               16.7              145.8  
2013      8               15.2               75.8  
2013      9               12.1              135.4  
2013     10                9.2              146.0  
2013     11                1.3              205.0  
2013     12               -0.7               44.3  
2014      1               -0.2               66.9  
2014      2                0.5               94.9  
2014      3                3.8               32.8  
2014      4                7.5               92.1  
2014      5                9.4              116.6  
2014      6               14.4              102.9  
2014      7               14.5              332.6  
2014      8               13.5              180.7  
2014      9               12.4               42.9  
2014     10                9.8               90.1  
2014     11                5.1               91.6  
2014     12                0.1               70.1  
2015      1               -0.9              120.8  
2015      2               -2.7               36.7  
2015      3                3.4              117.7  
2015      4                7.0               77.0  
2015      5               11.0              214.4  
2015      6               14.9              120.8  
2015      7               19.0               52.4  
2015      8               16.3              105.7  
2015      9               10.2               87.1  
2015     10                7.0               64.2  
2015     11                4.3              104.1  
2015     12                2.1               17.2  
2016      1                0.0              161.4  
2016      2                1.0              118.4  
2016      3                1.8               61.9  
2016      4                6.1              118.5  
2016      5                9.4              238.9  
2016      6               13.5              182.8  
2016      7               16.2              181.4  
2016      8               16.0               93.7  
2016      9               13.6               63.4  
2016     10                6.2               75.3  
2016     11                2.7              119.7  
2016     12                0.1                1.5  
2017      1               -5.1               57.7  
2017      2                1.6               84.3  
2017      3                5.4              124.9  
2017      4                6.0               45.7  
2017      5               11.1               92.8  
2017      6               16.4              113.0  
2017      7               16.5              117.6  
2017      8               16.3              124.7  
2017      9               10.0               59.7  
2017     10                8.5               63.4  
2017     11                1.1              113.0  
2017     12               -2.3              156.3  
2018      1                2.1              261.4  
2018      2               -3.5               56.7  
2018      3                1.7               93.4  
2018      4                9.3               47.8  
2018      5               11.6              138.6  
2018      6               15.2              105.6  
2018      7               17.8               63.9  
2018      8               16.6              169.2  
2018      9               13.7               51.6  
2018     10                8.6               45.3  
2018     11                3.8               18.3  
2018     12                1.0              190.6  
2019      1               -3.5               86.2  
2019      2                0.7               54.1  
2019      3                3.8              104.6  
2019      4                6.3               60.1  
2019      5                7.8              172.0  
2019      6               16.2              132.2  
2019      7               17.8              123.7  
2019      8               16.2              197.9  
2019      9               12.8               55.9  
2019     10                9.8              141.5  
2019     11                2.7              131.6  
2019     12                1.9              130.2  
2020      1                0.3               31.5  
2020      2                3.3              140.6  
2020      3                3.2               89.1  
2020      4                9.2               59.9  
2020      5               11.6               58.2  
2020      6               13.4              126.0  
2020      7               17.0               65.6  
2020      8               16.2              200.2  
2020      9               12.9               97.4  
2020     10                6.6              151.2  
2020     11                4.0               32.5  
2020     12               -0.6              100.8  
2021      1               -3.0              181.5  
2021      2                2.2               40.4  
2021      3                2.9              103.8  
2021      4                5.0               48.3  
2021      5                8.0              202.8  
2021      6               15.7              176.4  
