Federal Office of Meteorology and Climatology MeteoSwiss
MeteoSchweiz / MeteoSuisse / MeteoSvizzera / MeteoSwiss

Monthly homogenized values

Station:                  Bad Ragaz
Altitude [m asl]:         497 m
Coordinates:              47° 1.0' N / 9° 30.2' E

Reference date of homogenization:
         Temperature:     01.12.2009

Last inhomogeneity provisionally corrected:
         Temperature:     no

Units:
         Temperature:     °C

Missing values:           NA

Data source:              MeteoSwiss
Creation date:            7.07.2021


Year  Month        Temperature  
1870      6               17.0  
1870      7               19.8  
1870      8               15.5  
1870      9               13.1  
1870     10                8.5  
1870     11                5.4  
1870     12               -2.6  
1871      1               -4.6  
1871      2                2.0  
1871      3                5.8  
1871      4                8.9  
1871      5               12.2  
1871      6               13.1  
1871      7               18.6  
1871      8               17.7  
1871      9               16.6  
1871     10                7.0  
1871     11                0.8  
1871     12               -8.0  
1872      1                1.5  
1872      2                2.6  
1872      3                6.2  
1872      4               10.1  
1872      5               12.4  
1872      6               15.6  
1872      7               19.0  
1872      8               15.8  
1872      9               15.1  
1872     10               11.7  
1872     11                7.3  
1872     12                5.7  
1873      1                2.6  
1873      2                1.0  
1873      3                8.4  
1873      4                8.2  
1873      5               10.6  
1873      6               16.8  
1873      7               19.9  
1873      8               18.8  
1873      9               13.7  
1873     10               10.5  
1873     11                5.4  
1873     12               -1.6  
1874      1                0.3  
1874      2                1.1  
1874      3                3.8  
1874      4               10.6  
1874      5                9.6  
1874      6               17.1  
1874      7               20.6  
1874      8               16.0  
1874      9               17.2  
1874     10               10.6  
1874     11                0.6  
1874     12               -0.1  
1875      1                0.9  
1875      2               -3.4  
1875      3                1.8  
1875      4                9.1  
1875      5               15.5  
1875      6               17.4  
1875      7               17.3  
1875      8               18.9  
1875      9               15.9  
1875     10                8.5  
1875     11                3.3  
1875     12               -3.8  
1876      1               -1.8  
1876      2                1.7  
1876      3                5.0  
1876      4                9.9  
1876      5                9.8  
1876      6               16.5  
1876      7               18.9  
1876      8               18.4  
1876      9               13.6  
1876     10               12.6  
1876     11                3.6  
1876     12                4.5  
1877      1                4.1  
1877      2                2.6  
1877      3                3.1  
1877      4                8.2  
1877      5               11.0  
1877      6               19.4  
1877      7               16.7  
1877      8               18.8  
1877      9               12.5  
1877     10                7.5  
1877     11                5.0  
1877     12               -0.5  
1878      1               -3.1  
1878      2               -1.0  
1878      3                2.3  
1878      4                9.1  
1878      5               14.1  
1878      6               15.3  
1878      7               16.0  
1878      8               16.9  
1878      9               13.8  
1878     10               10.0  
1878     11                3.3  
1878     12               -0.5  
1879      1                0.8  
1879      2                2.9  
1879      3                5.2  
1879      4                7.8  
1879      5                9.8  
1879      6               16.4  
1879      7               14.9  
1879      8               19.0  
1879      9               14.4  
1879     10                7.1  
1879     11                1.1  
1879     12               -8.3  
1880      1               -6.5  
1880      2                1.9  
1880      3                7.0  
1880      4                9.5  
1880      5               11.5  
1880      6               14.3  
1880      7               18.5  
1880      8               15.8  
1880      9               14.2  
1880     10               10.0  
1880     11                5.1  
1880     12                4.3  
1881      1               -1.4  
1881      2                2.7  
1881      3                6.3  
1881      4                8.4  
1881      5               10.5  
1881      6               16.0  
1881      7               20.6  
1881      8               18.0  
1881      9               12.9  
1881     10                6.7  
1881     11                6.0  
1881     12                1.2  
1882      1               -1.2  
1882      2                0.7  
1882      3                6.9  
1882      4                9.4  
1882      5               13.9  
1882      6               15.0  
1882      7               16.5  
1882      8               15.3  
1882      9               13.0  
1882     10               11.2  
1882     11                4.7  
1882     12                2.2  
1883      1                2.5  
1883      2                4.5  
1883      3                1.2  
1883      4                8.3  
1883      5               12.8  
1883      6               15.7  
1883      7               16.5  
1883      8               16.7  
1883      9               13.9  
1883     10                7.8  
1883     11                4.4  
1883     12               -1.4  
1884      1                1.4  
1884      2                4.1  
1884      3                7.2  
1884      4                8.6  
1884      5               14.8  
1884      6               13.5  
1884      7               18.9  
1884      8               17.6  
1884      9               14.7  
1884     10                7.5  
1884     11                1.4  
1884     12                1.4  
1885      1               -4.0  
1885      2                4.7  
1885      3                4.8  
1885      4               10.7  
1885      5               10.5  
1885      6               17.8  
1885      7               18.7  
1885      8               16.4  
1885      9               13.5  
1885     10                7.6  
1885     11                4.2  
1885     12               -1.3  
1886      1               -0.4  
1886      2               -2.1  
1886      3                3.4  
1886      4               10.3  
1886      5               14.0  
1886      6               13.9  
1886      7               17.9  
1886      8               17.0  
1886      9               15.8  
1886     10               11.3  
1886     11                4.6  
1886     12                1.6  
1887      1               -5.5  
1887      2               -1.0  
1887      3                1.5  
1887      4                8.4  
1887      5               10.0  
1887      6               16.8  
1887      7               18.5  
1887      8               15.7  
1887      9               13.0  
1887     10                5.6  
1887     11                5.7  
1887     12               -1.0  
1888      1               -2.0  
1888      2               -0.5  
1888      3                3.3  
1888      4                6.7  
1888      5               13.4  
1888      6               15.3  
1888      7               15.1  
1888      8               15.7  
1888      9               14.5  
1888     10                6.6  
1888     11                5.1  
1888     12                0.9  
1889      1               -2.0  
1889      2               -1.8  
1889      3                1.8  
1889      4                7.7  
1889      5               15.1  
1889      6               17.5  
1889      7               16.8  
1889      8               16.2  
1889      9               12.3  
1889     10                9.4  
1889     11                2.5  
1889     12               -3.2  
1890      1                2.5  
1890      2               -2.2  
1890      3                3.8  
1890      4                8.8  
1890      5               14.4  
1890      6               14.8  
1890      7               15.0  
1890      8               16.4  
1890      9               13.2  
1890     10                6.8  
1890     11                3.3  
1890     12               -4.5  
1891      1               -6.7  
1891      2               -2.3  
1891      3                3.8  
1891      4                6.3  
1891      5               13.3  
1891      6               16.2  
1891      7               16.3  
1891      8               15.5  
1891      9               14.5  
1891     10               10.9  
1891     11                3.3  
1891     12                0.6  
1892      1               -1.0  
1892      2                1.8  
1892      3                2.1  
1892      4                8.6  
1892      5               13.5  
1892      6               16.0  
1892      7               17.0  
1892      8               18.8  
1892      9               14.7  
1892     10                9.1  
1892     11                5.3  
1892     12               -1.7  
1893      1               -6.0  
1893      2                1.7  
1893      3                5.4  
1893      4               11.8  
1893      5               13.0  
1893      6               16.3  
1893      7               17.8  
1893      8               18.5  
1893      9               14.5  
1893     10               11.0  
1893     11                3.0  
1893     12               -0.1  
1894      1               -0.9  
1894      2                0.8  
1894      3                5.2  
1894      4               11.2  
1894      5               12.5  
1894      6               15.7  
1894      7               18.2  
1894      8               16.7  
1894      9               12.8  
1894     10                9.3  
1894     11                5.1  
1894     12               -1.8  
1895      1               -4.7  
1895      2               -5.9  
1895      3                2.9  
1895      4               10.2  
1895      5               12.8  
1895      6               16.3  
1895      7               19.2  
1895      8               16.8  
1895      9               17.5  
1895     10                9.1  
1895     11                7.3  
1895     12                0.4  
1896      1               -3.0  
1896      2               -1.2  
1896      3                5.6  
1896      4                6.1  
1896      5               11.5  
1896      6               16.3  
1896      7               18.0  
1896      8               14.6  
1896      9               13.2  
1896     10                8.6  
1896     11                2.3  
1896     12                1.2  
1897      1                0.0  
1897      2                3.7  
1897      3                6.8  
1897      4                9.0  
1897      5               10.9  
1897      6               18.0  
1897      7               18.6  
1897      8               17.3  
1897      9               12.8  
1897     10                8.1  
1897     11                3.9  
1897     12                0.1  
1898      1                2.4  
1898      2                0.4  
1898      3                3.7  
1898      4                9.3  
1898      5               12.4  
1898      6               14.9  
1898      7               16.5  
1898      8               18.6  
1898      9               15.7  
1898     10               11.7  
1898     11                6.9  
1898     12                0.9  
1899      1                2.0  
1899      2                3.4  
1899      3                5.5  
1899      4                8.0  
1899      5               12.0  
1899      6               16.2  
1899      7               17.9  
1899      8               18.7  
1899      9               13.9  
1899     10               10.5  
1899     11                4.8  
1899     12               -1.3  
1900      1                1.0  
1900      2                4.1  
1900      3                1.5  
1900      4                7.9  
1900      5               12.0  
1900      6               16.8  
1900      7               18.9  
1900      8               16.2  
1900      9               16.0  
1900     10                9.9  
1900     11                5.8  
1900     12                2.5  
1901      1               -1.1  
1901      2               -3.6  
1901      3                2.9  
1901      4                9.3  
1901      5               13.2  
1901      6               16.8  
1901      7               18.1  
1901      8               17.0  
1901      9               14.9  
1901     10                9.3  
1901     11                1.1  
1901     12                0.7  
1902      1                0.6  
1902      2                1.3  
1902      3                4.1  
1902      4               11.2  
1902      5                9.0  
1902      6               15.2  
1902      7               18.4  
1902      8               16.9  
1902      9               14.0  
1902     10                8.9  
1902     11                4.1  
1902     12                0.0  
1903      1               -0.1  
1903      2                3.3  
1903      3                6.6  
1903      4                5.5  
1903      5               13.0  
1903      6               15.7  
1903      7               16.6  
1903      8               17.1  
1903      9               14.6  
1903     10               10.4  
1903     11                3.5  
1903     12                0.2  
1904      1               -0.3  
1904      2                1.9  
1904      3                5.2  
1904      4               10.2  
1904      5               14.1  
1904      6               17.1  
1904      7               19.6  
1904      8               18.1  
1904      9               12.5  
1904     10                9.5  
1904     11                2.5  
1904     12                0.4  
1905      1               -2.8  
1905      2               -0.2  
1905      3                5.4  
1905      4                8.2  
1905      5               12.1  
1905      6               17.0  
1905      7               20.2  
1905      8               17.1  
1905      9               15.0  
1905     10                4.7  
1905     11                4.2  
1905     12               -0.7  
1906      1               -0.6  
1906      2               -0.5  
1906      3                2.8  
1906      4                8.5  
1906      5               13.1  
1906      6               15.5  
1906      7               17.9  
1906      8               18.1  
1906      9               13.3  
1906     10               12.1  
1906     11                5.3  
1906     12               -2.2  
1907      1               -1.4  
1907      2               -2.7  
1907      3                2.1  
1907      4                7.1  
1907      5               14.4  
1907      6               16.0  
1907      7               15.7  
1907      8               17.8  
1907      9               15.4  
1907     10               12.2  
1907     11                6.2  
1907     12                1.9  
1908      1               -1.9  
1908      2                0.1  
1908      3                3.3  
1908      4                6.3  
1908      5               15.0  
1908      6               18.0  
1908      7               17.1  
1908      8               15.5  
1908      9               12.9  
1908     10                9.9  
1908     11                2.5  
1908     12               -0.2  
1909      1               -3.5  
1909      2               -2.5  
1909      3                3.1  
1909      4               10.3  
1909      5               12.5  
1909      6               14.8  
1909      7               15.6  
1909      8               16.6  
1909      9               13.5  
1909     10               11.0  
1909     11                2.0  
1909     12                2.9  
1910      1                0.0  
1910      2                2.1  
1910      3                5.4  
1910      4                8.3  
1910      5               11.6  
1910      6               16.5  
1910      7               15.6  
1910      8               16.6  
1910      9               11.9  
1910     10               11.1  
1910     11                3.2  
1910     12                4.3  
1911      1               -3.7  
1911      2                0.2  
1911      3                5.2  
1911      4                7.9  
1911      5               13.7  
1911      6               15.7  
1911      7               20.7  
1911      8               20.2  
1911      9               15.8  
1911     10               10.3  
1911     11                6.4  
1911     12                3.3  
1912      1                1.9  
1912      2                5.6  
1912      3                7.1  
1912      4                7.8  
1912      5               13.6  
1912      6               16.4  
1912      7               17.2  
1912      8               14.5  
1912      9                9.7  
1912     10                7.9  
1912     11                1.7  
1912     12                2.0  
1913      1                1.7  
1913      2                1.4  
1913      3                7.5  
1913      4                8.8  
1913      5               13.0  
1913      6               15.9  
1913      7               14.6  
1913      8               16.0  
1913      9               13.8  
1913     10               11.9  
1913     11                6.8  
1913     12                0.7  
1914      1               -5.1  
1914      2                4.7  
1914      3                5.1  
1914      4               11.1  
1914      5               11.7  
1914      6               14.5  
1914      7               16.3  
1914      8               17.3  
1914      9               13.3  
1914     10                9.3  
1914     11                3.9  
1914     12                3.8  
1915      1               -0.8  
1915      2                1.8  
1915      3                3.2  
1915      4                7.7  
1915      5               15.8  
1915      6               18.3  
1915      7               16.7  
1915      8               15.8  
1915      9               12.4  
1915     10                7.5  
1915     11                1.7  
1915     12                4.8  
1916      1                1.8  
1916      2                2.2  
1916      3                5.7  
1916      4                8.8  
1916      5               13.9  
1916      6               13.6  
1916      7               16.8  
1916      8               16.7  
1916      9               12.2  
1916     10                9.3  
1916     11                5.3  
1916     12                2.1  
1917      1               -2.7  
1917      2               -0.8  
1917      3                3.2  
1917      4                5.2  
1917      5               16.3  
1917      6               18.5  
1917      7               18.0  
1917      8               16.9  
1917      9               16.4  
1917     10                6.8  
1917     11                2.9  
1917     12               -2.2  
1918      1                0.9  
1918      2                1.6  
1918      3                5.6  
1918      4                9.5  
1918      5               15.0  
1918      6               13.7  
1918      7               17.7  
1918      8               16.8  
1918      9               14.5  
1918     10                8.1  
1918     11                4.1  
1918     12                1.9  
1919      1                0.1  
1919      2                0.0  
1919      3                5.0  
1919      4                5.9  
1919      5               12.0  
1919      6               16.0  
1919      7               15.2  
1919      8               19.1  
1919      9               16.3  
1919     10                6.0  
1919     11                2.1  
1919     12                0.2  
1920      1                1.6  
1920      2                3.6  
1920      3                7.2  
1920      4                9.7  
1920      5               15.7  
1920      6               15.9  
1920      7               17.4  
1920      8               15.9  
1920      9               14.3  
1920     10                9.9  
1920     11                4.4  
1920     12                0.0  
1921      1                2.7  
1921      2                1.8  
1921      3                7.2  
1921      4                8.3  
1921      5               15.0  
1921      6               15.9  
1921      7               20.3  
1921      8               17.9  
1921      9               16.0  
1921     10               11.9  
1921     11                0.2  
1921     12                0.6  
1922      1               -1.7  
1922      2                0.1  
1922      3                5.6  
1922      4                7.4  
1922      5               15.0  
1922      6               16.6  
1922      7               16.4  
1922      8               17.2  
1922      9               11.7  
1922     10                7.6  
1922     11                1.4  
1922     12                0.1  
1923      1               -1.0  
1923      2                3.0  
1923      3                5.9  
1923      4                9.0  
1923      5               13.4  
1923      6               12.7  
1923      7               20.3  
1923      8               18.6  
1923      9               13.6  
1923     10               11.4  
1923     11                5.5  
1923     12               -0.3  
1924      1               -1.0  
1924      2               -2.0  
1924      3                4.3  
1924      4                8.9  
1924      5               14.1  
1924      6               15.6  
1924      7               17.7  
1924      8               14.5  
1924      9               14.4  
1924     10               10.1  
1924     11                5.4  
1924     12                1.4  
1925      1                2.3  
1925      2                3.7  
1925      3                1.7  
1925      4                9.2  
1925      5               13.7  
1925      6               17.3  
1925      7               17.6  
1925      8               17.2  
1925      9               12.0  
1925     10               10.1  
1925     11                2.7  
1925     12               -0.4  
1926      1                0.4  
1926      2                6.4  
1926      3                5.5  
1926      4               10.3  
1926      5               11.4  
1926      6               13.2  
1926      7               16.7  
1926      8               17.3  
1926      9               16.5  
1926     10                9.8  
1926     11                8.1  
1926     12               -1.1  
1927      1                0.2  
1927      2                0.4  
1927      3                5.6  
1927      4                8.7  
1927      5               13.6  
1927      6               16.1  
1927      7               17.4  
1927      8               16.7  
1927      9               14.3  
1927     10                9.0  
1927     11                5.8  
1927     12                0.5  
1928      1                1.4  
1928      2                2.9  
1928      3                6.2  
1928      4                9.1  
1928      5               10.2  
1928      6               16.4  
1928      7               20.8  
1928      8               18.3  
1928      9               14.1  
1928     10                9.7  
1928     11                5.4  
1928     12               -0.8  
1929      1               -4.5  
1929      2               -6.0  
1929      3                4.2  
1929      4                6.0  
1929      5               13.7  
1929      6               16.9  
1929      7               19.2  
1929      8               17.3  
1929      9               17.0  
1929     10               10.7  
1929     11                6.0  
1929     12                3.0  
1930      1                3.5  
1930      2                1.1  
1930      3                6.7  
1930      4                9.7  
1930      5               12.2  
1930      6               19.3  
1930      7               17.2  
1930      8               16.9  
1930      9               14.7  
1930     10                9.2  
1930     11                6.7  
1930     12               -0.2  
1931      1               -1.1  
1931      2               -0.9  
1931      3                1.8  
1931      4                7.9  
1931      5               15.6  
1931      6               18.4  
1931      7               17.0  
1931      8               15.5  
1931      9               10.3  
1931     10                8.7  
1931     11                6.3  
1931     12               -2.3  
1932      1                0.9  
1932      2               -3.4  
1932      3                3.3  
1932      4                7.6  
1932      5               12.2  
1932      6               15.4  
1932      7               17.3  
1932      8               19.8  
1932      9               17.5  
1932     10                9.2  
1932     11                5.0  
1932     12                3.6  
1933      1               -1.9  
1933      2                1.0  
1933      3                6.3  
1933      4                9.1  
1933      5               11.6  
1933      6               13.7  
1933      7               18.6  
1933      8               18.4  
1933      9               15.1  
1933     10               10.4  
1933     11                4.0  
1933     12               -3.6  
1934      1               -0.2  
1934      2                0.3  
1934      3                5.2  
1934      4               11.7  
1934      5               15.3  
1934      6               16.2  
1934      7               18.9  
1934      8               16.3  
1934      9               15.7  
1934     10                9.0  
1934     11                4.0  
1934     12                4.8  
1935      1               -3.0  
1935      2                0.8  
1935      3                3.6  
1935      4                7.7  
1935      5               11.5  
1935      6               18.4  
1935      7               19.0  
1935      8               16.9  
1935      9               15.0  
1935     10                9.3  
1935     11                6.3  
1935     12                0.0  
1936      1                4.8  
1936      2                2.2  
1936      3                7.1  
1936      4                8.9  
1936      5               13.5  
1936      6               16.0  
1936      7               16.8  
1936      8               16.9  
1936      9               14.6  
1936     10                6.0  
1936     11                3.4  
1936     12                0.8  
1937      1                2.0  
1937      2                3.2  
1937      3                4.3  
1937      4                8.6  
1937      5               15.4  
1937      6               17.8  
1937      7               18.5  
1937      8               17.2  
1937      9               13.8  
1937     10               10.6  
1937     11                4.0  
1937     12               -0.5  
1938      1               -0.3  
1938      2                0.0  
1938      3                6.9  
1938      4                5.7  
1938      5               11.8  
1938      6               17.5  
1938      7               17.6  
1938      8               17.5  
1938      9               15.3  
1938     10                8.9  
1938     11                6.5  
1938     12               -0.1  
1939      1                3.4  
1939      2                1.5  
1939      3                1.8  
1939      4               10.8  
1939      5               10.2  
1939      6               16.7  
1939      7               17.1  
1939      8               17.7  
1939      9               13.5  
1939     10                9.0  
1939     11                6.6  
1939     12               -0.9  
1940      1               -5.9  
1940      2                0.1  
1940      3                4.5  
1940      4                9.8  
1940      5               12.9  
1940      6               16.1  
1940      7               16.7  
1940      8               16.0  
1940      9               14.1  
1940     10                9.4  
1940     11                5.6  
1940     12               -6.5  
1941      1               -3.5  
1941      2                2.6  
1941      3                6.0  
1941      4                7.7  
1941      5               10.3  
1941      6               17.2  
1941      7               19.2  
1941      8               16.1  
1941      9               13.5  
1941     10                8.1  
1941     11                4.5  
1941     12               -1.0  
1942      1               -5.2  
1942      2               -3.3  
1942      3                6.4  
1942      4                9.7  
1942      5               13.8  
1942      6               16.7  
1942      7               17.6  
1942      8               17.8  
1942      9               16.7  
1942     10               12.6  
1942     11                2.0  
1942     12                2.9  
1943      1                1.0  
1943      2                2.9  
1943      3                8.5  
1943      4               10.5  
1943      5               14.2  
1943      6               15.0  
1943      7               18.4  
1943      8               19.9  
1943      9               15.6  
1943     10               12.4  
1943     11                3.3  
1943     12                0.9  
1944      1                0.1  
1944      2               -2.2  
1944      3                0.8  
1944      4               10.9  
1944      5               13.2  
1944      6               15.3  
1944      7               18.0  
1944      8               21.1  
1944      9               14.1  
1944     10                9.4  
1944     11                3.8  
1944     12               -0.3  
1945      1               -6.1  
1945      2                3.7  
1945      3                5.8  
1945      4               10.7  
1945      5               15.7  
1945      6               18.2  
1945      7               19.6  
1945      8               17.5  
1945      9               15.0  
1945     10               10.0  
1945     11                2.4  
1945     12                1.2  
1946      1               -2.4  
1946      2                2.9  
1946      3                6.9  
1946      4               12.6  
1946      5               15.2  
1946      6               15.5  
1946      7               19.0  
1946      8               17.4  
1946      9               15.3  
1946     10                8.8  
1946     11                4.2  
1946     12               -1.0  
1947      1               -3.3  
1947      2                0.6  
1947      3                7.3  
1947      4               12.3  
1947      5               16.3  
1947      6               18.6  
1947      7               20.0  
1947      8               20.0  
1947      9               17.9  
1947     10                9.8  
1947     11                6.1  
1947     12                0.5  
1948      1                4.2  
1948      2                2.0  
1948      3                8.9  
1948      4               11.4  
1948      5               15.8  
1948      6               15.7  
1948      7               15.8  
1948      8               17.8  
1948      9               15.0  
1948     10               10.3  
1948     11                4.4  
1948     12               -0.3  
1949      1                0.5  
1949      2                1.3  
1949      3                3.5  
1949      4               12.6  
1949      5               12.7  
1949      6               16.8  
1949      7               19.9  
1949      8               18.7  
1949      9               18.2  
1949     10               12.0  
1949     11                4.7  
1949     12                2.6  
1950      1               -1.2  
1950      2                3.8  
1950      3                6.5  
1950      4                8.1  
1950      5               15.9  
1950      6               19.1  
1950      7               20.5  
1950      8               18.3  
1950      9               14.0  
1950     10                9.1  
1950     11                5.4  
1950     12               -0.8  
1951      1                2.0  
1951      2                3.6  
1951      3                4.4  
1951      4                9.3  
1951      5               13.3  
1951      6               16.4  
1951      7               18.7  
1951      8               18.2  
1951      9               15.8  
1951     10                8.8  
1951     11                8.1  
1951     12                2.1  
1952      1               -1.2  
1952      2               -1.5  
1952      3                5.9  
1952      4               11.8  
1952      5               14.6  
1952      6               17.9  
1952      7               21.0  
1952      8               18.9  
1952      9               11.7  
1952     10                8.8  
1952     11                2.6  
1952     12                0.2  
1953      1               -4.2  
1953      2               -1.3  
1953      3                5.9  
1953      4               10.9  
1953      5               14.8  
1953      6               15.4  
1953      7               18.5  
1953      8               17.6  
1953      9               16.5  
1953     10               11.6  
1953     11                3.5  
1953     12                3.7  
1954      1               -3.2  
1954      2               -1.0  
1954      3                7.5  
1954      4                7.2  
1954      5               12.4  
1954      6               16.6  
1954      7               15.8  
1954      8               16.5  
1954      9               15.0  
1954     10                9.7  
1954     11                6.2  
1954     12                1.7  
1955      1                1.4  
1955      2                0.8  
1955      3                2.9  
1955      4                8.8  
1955      5               12.5  
1955      6               16.4  
1955      7               17.5  
1955      8               16.6  
1955      9               13.8  
1955     10                8.5  
1955     11                3.5  
1955     12                3.5  
1956      1                2.4  
1956      2               -9.6  
1956      3                5.8  
1956      4                8.2  
1956      5               13.6  
1956      6               13.9  
1956      7               17.8  
1956      8               16.3  
1956      9               16.1  
1956     10                7.9  
1956     11                2.0  
1956     12                1.0  
1957      1               -1.2  
1957      2                5.7  
1957      3                9.1  
1957      4                9.0  
1957      5               10.2  
1957      6               17.3  
1957      7               17.8  
1957      8               16.2  
1957      9               13.3  
1957     10                9.1  
1957     11                5.1  
1957     12                1.2  
1958      1               -0.6  
1958      2                3.1  
1958      3                1.2  
1958      4                6.6  
1958      5               16.1  
1958      6               16.1  
1958      7               18.4  
1958      8               18.3  
1958      9               16.2  
1958     10                8.4  
1958     11                3.8  
1958     12                2.7  
1959      1                0.2  
1959      2                2.2  
1959      3                9.4  
1959      4               10.6  
1959      5               14.1  
1959      6               16.2  
1959      7               19.3  
1959      8               17.7  
1959      9               15.5  
1959     10                9.9  
1959     11                3.9  
1959     12                3.7  
1960      1                0.4  
1960      2                3.0  
1960      3                7.9  
1960      4                9.1  
1960      5               14.9  
1960      6               17.4  
1960      7               15.9  
1960      8               17.1  
1960      9               13.3  
1960     10               10.8  
1960     11                7.4  
1960     12                0.8  
1961      1                0.4  
1961      2                5.2  
1961      3                6.8  
1961      4               12.5  
1961      5               11.9  
1961      6               17.3  
1961      7               17.0  
1961      8               17.2  
1961      9               18.2  
1961     10               11.6  
1961     11                4.6  
1961     12                2.2  
1962      1                1.9  
1962      2                0.4  
1962      3                3.0  
1962      4                9.5  
1962      5               11.4  
1962      6               15.8  
1962      7               17.4  
1962      8               18.7  
1962      9               14.7  
1962     10               10.2  
1962     11                4.6  
1962     12               -3.5  
1963      1               -5.8  
1963      2               -4.0  
1963      3                3.7  
1963      4               10.4  
1963      5               12.4  
1963      6               16.2  
1963      7               19.1  
1963      8               16.8  
1963      9               14.6  
1963     10                9.2  
1963     11                9.0  
1963     12               -1.9  
1964      1               -3.2  
1964      2                3.2  
1964      3                3.9  
1964      4               10.5  
1964      5               15.2  
1964      6               18.1  
1964      7               19.9  
1964      8               17.1  
1964      9               15.1  
1964     10                8.4  
1964     11                4.8  
1964     12               -0.4  
1965      1                2.3  
1965      2               -3.4  
1965      3                5.2  
1965      4                7.4  
1965      5               12.4  
1965      6               16.7  
1965      7               16.5  
1965      8               16.5  
1965      9               13.3  
1965     10                9.0  
1965     11                4.6  
1965     12                2.2  
1966      1               -2.3  
1966      2                7.4  
1966      3                3.7  
1966      4               10.9  
1966      5               13.7  
1966      6               17.4  
1966      7               15.9  
1966      8               15.4  
1966      9               15.5  
1966     10               13.4  
1966     11                3.6  
1966     12                0.9  
1967      1               -0.8  
1967      2                3.7  
1967      3                6.1  
1967      4                7.9  
1967      5               13.4  
1967      6               15.5  
1967      7               19.7  
1967      8               17.8  
1967      9               13.7  
1967     10               11.5  
1967     11                5.7  
1967     12               -2.2  
1968      1               -1.7  
1968      2                2.6  
1968      3                5.3  
1968      4               10.9  
1968      5               13.0  
1968      6               16.4  
1968      7               17.4  
1968      8               16.1  
1968      9               13.4  
1968     10               11.2  
1968     11                4.5  
1968     12               -1.6  
1969      1                1.0  
1969      2                0.3  
1969      3                5.0  
1969      4                8.5  
1969      5               15.0  
1969      6               14.2  
1969      7               19.0  
1969      8               16.7  
1969      9               15.5  
1969     10               10.3  
1969     11                5.3  
1969     12               -4.7  
1970      1                2.4  
1970      2                0.6  
1970      3                2.2  
1970      4                6.6  
1970      5               11.7  
1970      6               18.2  
1970      7               17.7  
1970      8               17.6  
1970      9               15.2  
1970     10                9.2  
1970     11                6.2  
1970     12               -1.7  
1971      1               -1.1  
1971      2               -0.3  
1971      3                1.3  
1971      4               11.8  
1971      5               15.2  
1971      6               14.8  
1971      7               19.4  
1971      8               19.0  
1971      9               13.5  
1971     10                9.8  
1971     11                3.3  
1971     12                0.2  
1972      1                0.6  
1972      2                7.0  
1972      3                8.4  
1972      4                8.2  
1972      5               12.4  
1972      6               15.3  
1972      7               17.3  
1972      8               16.8  
1972      9               11.7  
1972     10                7.5  
1972     11                4.4  
1972     12                1.0  
1973      1                0.1  
1973      2               -0.5  
1973      3                3.4  
1973      4                6.1  
1973      5               15.1  
1973      6               17.2  
1973      7               17.3  
1973      8               19.5  
1973      9               15.4  
1973     10                8.0  
1973     11                3.9  
1973     12                1.0  
1974      1                3.4  
1974      2                4.3  
1974      3                8.3  
1974      4                9.1  
1974      5               12.5  
1974      6               14.6  
1974      7               17.4  
1974      8               18.6  
1974      9               14.2  
1974     10                5.3  
1974     11                5.3  
1974     12                2.7  
1975      1                4.7  
1975      2                2.8  
1975      3                4.7  
1975      4                8.0  
1975      5               13.6  
1975      6               15.0  
1975      7               18.0  
1975      8               17.9  
1975      9               17.5  
1975     10                7.9  
1975     11                4.1  
1975     12               -1.2  
1976      1                0.5  
1976      2                1.5  
1976      3                4.5  
1976      4                8.9  
1976      5               14.5  
1976      6               18.3  
1976      7               18.8  
1976      8               15.9  
1976      9               13.4  
1976     10               12.2  
1976     11                5.1  
1976     12               -1.2  
1977      1                2.2  
1977      2                5.1  
1977      3                8.4  
1977      4                6.9  
1977      5               13.3  
1977      6               16.6  
1977      7               17.6  
1977      8               16.1  
1977      9               13.1  
1977     10               11.2  
1977     11                4.7  
1977     12                1.6  
1978      1                0.5  
1978      2                1.3  
1978      3                6.4  
1978      4                8.4  
1978      5               11.7  
1978      6               15.5  
1978      7               17.2  
1978      8               16.3  
1978      9               13.7  
1978     10                8.0  
1978     11                2.1  
1978     12                2.6  
1979      1               -2.0  
1979      2                3.5  
1979      3                6.2  
1979      4                7.3  
1979      5               13.6  
1979      6               16.8  
1979      7               17.5  
1979      8               16.1  
1979      9               14.1  
1979     10               12.0  
1979     11                3.7  
1979     12                3.6  
1980      1               -1.7  
1980      2                4.0  
1980      3                5.6  
1980      4                6.2  
1980      5               11.7  
1980      6               14.6  
1980      7               15.8  
1980      8               18.8  
1980      9               15.8  
1980     10               10.1  
1980     11                3.9  
1980     12               -1.2  
1981      1               -3.0  
1981      2               -2.1  
1981      3                8.1  
1981      4               10.5  
1981      5               13.3  
1981      6               16.6  
1981      7               16.8  
1981      8               18.2  
1981      9               15.4  
1981     10               10.2  
1981     11                4.6  
1981     12                1.1  
1982      1                0.6  
1982      2                1.1  
1982      3                5.1  
1982      4                8.0  
1982      5               14.0  
1982      6               17.5  
1982      7               20.0  
1982      8               17.5  
1982      9               17.0  
1982     10               10.1  
1982     11                6.8  
1982     12                2.8  
1983      1                2.8  
1983      2               -1.5  
1983      3                6.3  
1983      4               10.7  
1983      5               11.6  
1983      6               17.5  
1983      7               22.5  
1983      8               18.4  
1983      9               15.0  
1983     10               10.5  
1983     11                3.3  
1983     12                1.5  
1984      1                1.4  
1984      2               -0.9  
1984      3                3.4  
1984      4                8.2  
1984      5               11.5  
1984      6               15.8  
1984      7               18.2  
1984      8               17.7  
1984      9               13.2  
1984     10               11.1  
1984     11                8.0  
1984     12                2.5  
1985      1               -5.0  
1985      2               -0.2  
1985      3                4.5  
1985      4                9.0  
1985      5               13.8  
1985      6               14.9  
1985      7               19.7  
1985      8               17.8  
1985      9               16.0  
1985     10               10.3  
1985     11                1.7  
1985     12                4.9  
1986      1                0.9  
1986      2               -3.8  
1986      3                4.7  
1986      4                7.8  
1986      5               15.7  
1986      6               16.5  
1986      7               17.5  
1986      8               17.9  
1986      9               14.7  
1986     10               11.5  
1986     11                6.5  
1986     12                1.2  
1987      1               -5.0  
1987      2                0.6  
1987      3                1.6  
1987      4               10.7  
1987      5               10.5  
1987      6               14.8  
1987      7               18.6  
1987      8               17.6  
1987      9               17.3  
1987     10               12.2  
1987     11                5.6  
1987     12                3.0  
1988      1                5.5  
1988      2                2.2  
1988      3                3.0  
1988      4               10.5  
1988      5               15.2  
1988      6               15.9  
1988      7               18.6  
1988      8               18.5  
1988      9               14.9  
1988     10               12.9  
1988     11                2.5  
1988     12                1.5  
1989      1               -0.4  
1989      2                2.3  
1989      3                9.1  
1989      4                9.2  
1989      5               15.0  
1989      6               15.7  
1989      7               18.6  
1989      8               18.2  
1989      9               14.7  
1989     10               11.5  
1989     11                3.8  
1989     12                1.9  
1990      1                0.1  
1990      2                7.0  
1990      3                7.7  
1990      4                8.2  
1990      5               15.5  
1990      6               15.8  
1990      7               18.3  
1990      8               19.1  
1990      9               13.7  
1990     10               13.0  
1990     11                4.6  
1990     12               -1.1  
1991      1                0.9  
1991      2                0.4  
1991      3                9.0  
1991      4                8.2  
1991      5                9.9  
1991      6               15.2  
1991      7               20.0  
1991      8               19.8  
1991      9               17.2  
1991     10                9.4  
1991     11                4.6  
1991     12               -1.2  
1992      1               -0.6  
1992      2                2.0  
1992      3                6.6  
1992      4                9.0  
1992      5               15.9  
1992      6               16.7  
1992      7               19.7  
1992      8               21.7  
1992      9               15.9  
1992     10                9.1  
1992     11                6.8  
1992     12                1.5  
1993      1                3.5  
1993      2               -0.8  
1993      3                4.4  
1993      4               11.6  
1993      5               16.1  
1993      6               17.4  
1993      7               17.1  
1993      8               18.2  
1993      9               14.4  
1993     10                9.8  
1993     11                2.2  
1993     12                3.2  
1994      1                3.1  
1994      2                3.3  
1994      3                9.9  
1994      4                8.6  
1994      5               14.2  
1994      6               17.6  
1994      7               21.6  
1994      8               19.6  
1994      9               15.3  
1994     10               10.5  
1994     11                9.0  
1994     12                3.1  
1995      1                0.2  
1995      2                5.7  
1995      3                4.2  
1995      4                9.3  
1995      5               13.8  
1995      6               14.9  
1995      7               21.3  
1995      8               17.9  
1995      9               13.0  
1995     10               13.1  
1995     11                5.5  
1995     12                1.3  
1996      1                1.8  
1996      2                0.4  
1996      3                3.7  
1996      4               10.0  
1996      5               13.5  
1996      6               17.7  
1996      7               17.4  
1996      8               17.4  
1996      9               11.7  
1996     10               10.2  
1996     11                5.8  
1996     12                0.2  
1997      1               -0.6  
1997      2                4.2  
1997      3                7.8  
1997      4                7.8  
1997      5               14.2  
1997      6               16.4  
1997      7               17.1  
1997      8               19.7  
1997      9               15.7  
1997     10                9.8  
1997     11                5.8  
1997     12                3.9  
1998      1                2.4  
1998      2                4.0  
1998      3                5.6  
1998      4                9.9  
1998      5               15.2  
1998      6               17.9  
1998      7               19.0  
1998      8               19.0  
1998      9               14.4  
1998     10               10.2  
1998     11                2.2  
1998     12                1.4  
1999      1                2.9  
1999      2               -1.3  
1999      3                6.8  
1999      4                9.6  
1999      5               16.2  
1999      6               15.8  
1999      7               19.2  
1999      8               18.7  
1999      9               17.9  
1999     10               11.3  
1999     11                2.2  
1999     12                1.6  
2000      1               -1.2  
2000      2                3.7  
2000      3                6.1  
2000      4               11.6  
2000      5               16.2  
2000      6               18.9  
2000      7               16.7  
2000      8               19.9  
2000      9               16.1  
2000     10               11.6  
2000     11                7.0  
2000     12                5.2  
2001      1                3.1  
2001      2                3.9  
2001      3                8.6  
2001      4                7.7  
2001      5               16.7  
2001      6               15.7  
2001      7               19.2  
2001      8               20.1  
2001      9               12.2  
2001     10               14.6  
2001     11                2.6  
2001     12               -1.3  
2002      1               -0.1  
2002      2                5.7  
2002      3                8.4  
2002      4               10.0  
2002      5               14.7  
2002      6               19.9  
2002      7               19.0  
2002      8               18.4  
2002      9               13.9  
2002     10               11.4  
2002     11                7.6  
2002     12                3.9  
2003      1                0.0  
2003      2               -2.5  
2003      3                8.2  
2003      4               10.5  
2003      5               16.0  
2003      6               22.8  
2003      7               20.1  
2003      8               22.9  
2003      9               15.6  
2003     10                7.6  
2003     11                7.5  
2003     12                3.0  
2004      1                0.8  
2004      2                1.9  
2004      3                5.5  
2004      4               10.5  
2004      5               12.7  
2004      6               16.9  
2004      7               19.0  
2004      8               19.4  
2004      9               15.7  
2004     10               13.3  
2004     11                4.0  
2004     12               -0.2  
2005      1               -0.6  
2005      2               -1.5  
2005      3                5.7  
2005      4               10.6  
2005      5               14.7  
2005      6               18.7  
2005      7               18.6  
2005      8               16.8  
2005      9               16.7  
2005     10               12.1  
2005     11                4.3  
2005     12               -1.2  
2006      1               -3.1  
2006      2                0.6  
2006      3                3.4  
2006      4                9.9  
2006      5               14.4  
2006      6               18.3  
2006      7               23.0  
2006      8               15.3  
2006      9               18.0  
2006     10               14.5  
2006     11                8.7  
2006     12                2.6  
2007      1                3.7  
2007      2                5.4  
2007      3                6.7  
2007      4               14.8  
2007      5               15.7  
2007      6               18.1  
2007      7               19.0  
2007      8               17.9  
2007      9               13.8  
2007     10               10.1  
2007     11                3.7  
2007     12                0.1  
2008      1                3.9  
2008      2                4.4  
2008      3                4.7  
2008      4                9.3  
2008      5               17.0  
2008      6               18.4  
2008      7               18.8  
2008      8               18.8  
2008      9               13.8  
2008     10               11.3  
2008     11                6.3  
2008     12                1.3  
2009      1               -1.7  
2009      2                1.6  
2009      3                4.8  
2009      4               12.9  
2009      5               16.8  
2009      6               17.0  
2009      7               19.4  
2009      8               20.7  
2009      9               16.5  
2009     10               10.8  
2009     11                8.3  
2009     12                1.7  
2010      1               -1.5  
2010      2                1.9  
2010      3                5.4  
2010      4               10.6  
2010      5               12.5  
2010      6               17.7  
2010      7               20.9  
2010      8               17.7  
2010      9               14.3  
2010     10               10.7  
2010     11                6.4  
2010     12                0.7  
2011      1                1.7  
2011      2                2.9  
2011      3                7.8  
2011      4               13.3  
2011      5               16.2  
2011      6               17.5  
2011      7               17.1  
2011      8               20.6  
2011      9               17.3  
2011     10               10.7  
2011     11                6.3  
2011     12                3.1  
2012      1                1.0  
2012      2               -3.0  
2012      3                8.7  
2012      4               10.0  
2012      5               15.0  
2012      6               18.1  
2012      7               18.6  
2012      8               19.9  
2012      9               15.0  
2012     10               10.9  
2012     11                6.5  
2012     12                2.4  
2013      1                1.3  
2013      2               -0.7  
2013      3                4.7  
2013      4               10.1  
2013      5               12.0  
2013      6               16.6  
2013      7               20.8  
2013      8               19.1  
2013      9               15.0  
2013     10               12.5  
2013     11                4.3  
2013     12                2.8  
2014      1                4.4  
2014      2                5.7  
2014      3                8.1  
2014      4               11.6  
2014      5               13.2  
2014      6               18.0  
2014      7               18.2  
2014      8               16.7  
2014      9               15.5  
2014     10               12.9  
2014     11                8.8  
2014     12                3.5  
2015      1                2.3  
2015      2                0.0  
2015      3                6.9  
2015      4               10.6  
2015      5               14.2  
2015      6               18.3  
2015      7               22.2  
2015      8               20.8  
2015      9               13.7  
2015     10               10.0  
2015     11                7.1  
2015     12                4.2  
2016      1                2.5  
2016      2                4.7  
2016      3                5.9  
2016      4               10.5  
2016      5               13.7  
2016      6               16.9  
2016      7               19.4  
2016      8               19.0  
2016      9               16.9  
2016     10                9.9  
2016     11                6.7  
2016     12                1.0  
2017      1               -3.4  
2017      2                5.2  
2017      3                9.1  
2017      4                9.3  
2017      5               15.6  
2017      6               20.5  
2017      7               19.4  
2017      8               19.9  
2017      9               12.9  
2017     10               11.3  
2017     11                5.0  
2017     12                1.3  
2018      1                4.7  
2018      2               -0.3  
2018      3                5.4  
2018      4               14.7  
2018      5               16.2  
2018      6               19.0  
2018      7               21.3  
2018      8               20.8  
2018      9               16.9  
2018     10               12.8  
2018     11                7.6  
2018     12                3.4  
2019      1               -0.2  
2019      2                4.7  
2019      3                7.4  
2019      4               10.8  
2019      5               11.4  
2019      6               20.8  
2019      7               20.5  
2019      8               19.3  
2019      9               15.2  
2019     10               13.0  
2019     11                6.8  
2019     12                4.8  
2020      1                2.4  
2020      2                6.0  
2020      3                6.6  
2020      4               13.3  
2020      5               14.3  
2020      6               16.6  
2020      7               19.6  
2020      8               19.4  
2020      9               16.2  
2020     10               10.4  
2020     11                6.2  
2020     12                3.0  
2021      1                0.1  
2021      2                5.8  
2021      3                6.1  
2021      4                8.8  
2021      5               11.8  
2021      6               19.8  
