Federal Office of Meteorology and Climatology MeteoSwiss
MeteoSchweiz / MeteoSuisse / MeteoSvizzera / MeteoSwiss

Monthly homogenized values

Station:                  Meiringen
Altitude [m asl]:         589 m
Coordinates:              46° 43.9' N / 8° 10.2' E

Reference date of homogenization:
         Temperature:     01.12.2014
         Precipitation:   01.12.2012

Last inhomogeneity provisionally corrected:
         Temperature:     yes
         Precipitation:   yes

Units:
         Temperature:     °C
         Precipitation:   mm

Missing values:           NA

Data source:              MeteoSwiss
Creation date:            7.07.2021


Year  Month        Temperature      Precipitation  
1889      7               16.1              181.7  
1889      8               15.2              116.5  
1889      9               11.1               98.0  
1889     10                6.9              187.0  
1889     11                0.6               73.6  
1889     12               -5.7               38.5  
1890      1               -1.6               66.0  
1890      2               -4.0                3.8  
1890      3                2.4               51.8  
1890      4                6.8              125.7  
1890      5               13.1               80.0  
1890      6               14.4              163.5  
1890      7               15.1              144.4  
1890      8               15.1              320.1  
1890      9               12.4               31.3  
1890     10                5.2              136.2  
1890     11                1.0               81.1  
1890     12               -6.1               30.5  
1891      1               -8.6               45.7  
1891      2               -5.1                7.3  
1891      3                2.3               76.0  
1891      4                5.0               93.7  
1891      5               11.7              116.2  
1891      6               15.4              131.4  
1891      7               15.5              282.6  
1891      8               14.6              145.7  
1891      9               12.9               80.8  
1891     10                8.4               90.4  
1891     11                1.6               75.9  
1891     12               -2.7              161.5  
1892      1               -3.2               79.9  
1892      2                0.3              107.8  
1892      3                0.7               27.9  
1892      4                6.9               85.6  
1892      5               12.2               58.0  
1892      6               15.4              147.3  
1892      7               16.2              178.1  
1892      8               16.8              170.5  
1892      9               12.4              136.4  
1892     10                7.8               90.6  
1892     11                3.5               31.6  
1892     12               -4.7               63.1  
1893      1               -7.9               71.0  
1893      2               -0.1              106.8  
1893      3                4.0               27.3  
1893      4               10.8                5.2  
1893      5               12.0              114.8  
1893      6               15.2              157.5  
1893      7               16.4              253.9  
1893      8               16.9               90.7  
1893      9               12.8              134.4  
1893     10                9.0               80.0  
1893     11                1.1               89.2  
1893     12               -2.9               29.0  
1894      1               -4.5               24.6  
1894      2               -2.0               85.1  
1894      3                3.3               70.8  
1894      4                9.5               59.4  
1894      5               11.1              128.8  
1894      6               14.7              110.9  
1894      7               17.5              184.0  
1894      8               15.3              199.6  
1894      9               11.4               90.0  
1894     10                7.5              114.6  
1894     11                2.9               37.0  
1894     12               -4.0               88.3  
1895      1               -6.6               79.5  
1895      2               -8.1               56.0  
1895      3                1.1              113.3  
1895      4                8.1               75.9  
1895      5               11.8              105.0  
1895      6               15.7              124.8  
1895      7               17.7              113.6  
1895      8               15.6              167.8  
1895      9               15.5               13.2  
1895     10                6.3              154.6  
1895     11                4.1               66.3  
1895     12               -1.5              172.4  
1896      1               -6.2               44.2  
1896      2               -3.9               37.3  
1896      3                4.6              234.8  
1896      4                4.9              171.9  
1896      5               10.0               62.4  
1896      6               14.8              163.5  
1896      7               16.7              211.5  
1896      8               13.4              211.2  
1896      9               11.5              201.4  
1896     10                6.0              187.1  
1896     11                0.4               70.9  
1896     12               -1.1               46.9  
1897      1               -2.4               25.9  
1897      2                1.4              185.3  
1897      3                5.4               81.0  
1897      4                6.8               92.4  
1897      5               10.1              118.6  
1897      6               16.2              101.1  
1897      7               17.3              142.2  
1897      8               15.6              243.7  
1897      9               11.2              269.9  
1897     10                5.9               24.7  
1897     11                1.0               36.9  
1897     12               -2.8               58.0  
1898      1               -2.5               19.1  
1898      2               -1.4              203.9  
1898      3                1.6               71.5  
1898      4                7.4              101.2  
1898      5               10.7              138.2  
1898      6               13.6              214.2  
1898      7               15.3              200.5  
1898      8               17.1               88.1  
1898      9               14.3               61.0  
1898     10                8.9              128.0  
1898     11                3.9              117.8  
1898     12               -3.8               77.8  
1899      1               -0.9              185.9  
1899      2               -0.1               19.6  
1899      3                2.7               45.8  
1899      4                6.6              142.8  
1899      5               11.0              143.7  
1899      6               15.4               94.7  
1899      7               16.8               97.0  
1899      8               17.0              108.2  
1899      9               12.3              167.0  
1899     10                8.2               67.5  
1899     11                2.2               25.0  
1899     12               -3.6               92.1  
1900      1               -1.5              143.4  
1900      2                1.2              100.8  
1900      3               -0.2               71.1  
1900      4                6.1               99.9  
1900      5               10.9              130.6  
1900      6               16.1               87.4  
1900      7               17.4              239.5  
1900      8               15.1              129.4  
1900      9               14.5               36.5  
1900     10                7.6               82.3  
1900     11                3.6               75.7  
1900     12               -1.2              115.9  
1901      1               -3.9               88.6  
1901      2               -6.4               43.6  
1901      3                1.3               97.4  
1901      4                7.3              230.3  
1901      5               11.7               58.2  
1901      6               15.5              176.1  
1901      7               17.2              166.2  
1901      8               15.3              217.6  
1901      9               13.6              190.1  
1901     10                7.3              106.6  
1901     11               -0.3               35.4  
1901     12               -1.6               86.1  
1902      1               -2.6               64.5  
1902      2               -1.7               70.1  
1902      3                2.2              213.1  
1902      4                9.6               53.6  
1902      5                7.9              154.6  
1902      6               14.1               94.8  
1902      7               16.8              162.1  
1902      8               14.9              171.3  
1902      9               12.6              133.9  
1902     10                6.9              139.1  
1902     11                2.0               20.9  
1902     12               -2.5              149.2  
1903      1               -3.2               41.5  
1903      2               -0.9               48.1  
1903      3                4.1               99.2  
1903      4                4.1              144.9  
1903      5               12.1              111.0  
1903      6               14.3              113.7  
1903      7               15.6              232.0  
1903      8               15.6              178.5  
1903      9               12.6               84.4  
1903     10                8.0              159.0  
1903     11                1.9              113.6  
1903     12               -2.4               56.2  
1904      1               -4.5               57.2  
1904      2               -0.1              110.8  
1904      3                3.1               76.2  
1904      4                9.0              141.9  
1904      5               12.5              178.0  
1904      6               15.9              137.6  
1904      7               18.6               65.2  
1904      8               16.6              119.2  
1904      9               11.3              137.6  
1904     10                7.4               83.2  
1904     11                0.6               55.4  
1904     12               -2.3               92.1  
1905      1               -5.3               99.4  
1905      2               -2.6               41.9  
1905      3                3.3              122.2  
1905      4                7.7              155.9  
1905      5               10.5              132.7  
1905      6               16.0              111.1  
1905      7               18.9              158.3  
1905      8               15.9              268.0  
1905      9               13.2              168.6  
1905     10                3.3              158.9  
1905     11                2.7              133.4  
1905     12               -3.6               47.9  
1906      1               -2.7               69.3  
1906      2               -2.8               97.8  
1906      3                1.1               92.9  
1906      4                7.1               68.9  
1906      5               11.1              143.1  
1906      6               14.2              107.3  
1906      7               16.6              141.2  
1906      8               16.3              141.4  
1906      9               11.9               73.0  
1906     10                9.6               41.2  
1906     11                3.5              102.8  
1906     12               -5.0              134.0  
1907      1               -3.6              151.5  
1907      2               -4.8               61.6  
1907      3                0.7              131.1  
1907      4                5.9               96.4  
1907      5               12.8               90.0  
1907      6               15.1              108.7  
1907      7               15.1              189.8  
1907      8               16.6              123.9  
1907      9               13.6               44.6  
1907     10                9.8              131.7  
1907     11                3.5               20.4  
1907     12               -0.6              118.1  
1908      1               -5.6               59.6  
1908      2               -1.7              155.0  
1908      3                1.6               53.4  
1908      4                5.6               97.3  
1908      5               13.4              162.2  
1908      6               17.1               63.7  
1908      7               16.1              269.6  
1908      8               15.0              128.3  
1908      9               12.0              158.0  
1908     10                7.7               15.0  
1908     11                0.8               93.3  
1908     12               -2.2               61.2  
1909      1               -5.6               49.4  
1909      2               -3.6               30.2  
1909      3                1.2               66.3  
1909      4                9.0               81.1  
1909      5               11.2              119.8  
1909      6               13.8              229.6  
1909      7               14.6              213.5  
1909      8               15.6              178.2  
1909      9               12.0               86.3  
1909     10                8.7              107.6  
1909     11                0.4               62.6  
1909     12                0.5              143.9  
1910      1               -2.5              198.0  
1910      2               -0.5              134.5  
1910      3                3.5               20.7  
1910      4                7.0              124.9  
1910      5               10.8              120.4  
1910      6               15.3              211.1  
1910      7               14.7              175.1  
1910      8               14.9              266.9  
1910      9               10.5              168.9  
1910     10                8.6              100.7  
1910     11                1.5              185.5  
1910     12                2.1              102.1  
1911      1               -7.1               27.5  
1911      2               -2.2               69.4  
1911      3                3.9              138.2  
1911      4                6.5               71.2  
1911      5               12.0               94.9  
1911      6               14.5              215.1  
1911      7               18.8               51.2  
1911      8               18.5              105.1  
1911      9               14.5              122.8  
1911     10                7.8              105.0  
1911     11                3.7               68.0  
1911     12                0.6              116.5  
1912      1               -0.3               96.4  
1912      2                2.7               67.2  
1912      3                5.5               92.2  
1912      4                6.4               49.7  
1912      5               12.4              176.9  
1912      6               15.0              234.1  
1912      7               15.6              154.0  
1912      8               13.3              202.3  
1912      9                8.2               90.5  
1912     10                6.1              145.8  
1912     11               -0.5               88.4  
1912     12               -3.0               70.6  
1913      1               -1.4               92.1  
1913      2               -1.6               28.7  
1913      3                5.3               66.1  
1913      4                6.9               91.1  
1913      5               11.4              136.5  
1913      6               14.5              234.3  
1913      7               13.7              223.5  
1913      8               15.0              169.7  
1913      9               11.9              131.8  
1913     10               10.1               23.4  
1913     11                4.5              119.6  
1913     12               -2.3              124.1  
1914      1               -7.2              163.9  
1914      2               -0.1               69.4  
1914      3                3.0              240.2  
1914      4                9.4               60.9  
1914      5               10.2              166.9  
1914      6               13.5              153.5  
1914      7               15.0              228.7  
1914      8               15.4              191.6  
1914      9               11.9               73.0  
1914     10                7.5              124.1  
1914     11                1.1               82.0  
1914     12                0.5               41.7  
1915      1               -2.2              128.4  
1915      2               -1.8               57.8  
1915      3                1.6              126.7  
1915      4                5.7               87.6  
1915      5               13.9               74.3  
1915      6               16.6              101.5  
1915      7               15.2              206.5  
1915      8               14.4              133.6  
1915      9               11.0              176.6  
1915     10                5.5               32.9  
1915     11               -0.4               54.7  
1915     12                1.2               92.9  
1916      1               -1.1               92.3  
1916      2                0.2              142.6  
1916      3                3.8               98.6  
1916      4                7.1              181.9  
1916      5               12.5               97.2  
1916      6               12.7              209.7  
1916      7               15.4              123.1  
1916      8               15.0              125.1  
1916      9               10.6              135.3  
1916     10                7.3              151.0  
1916     11                2.7              105.1  
1916     12               -1.1              159.2  
1917      1               -4.1               67.2  
1917      2               -3.9               11.1  
1917      3                0.9               74.9  
1917      4                4.0              122.2  
1917      5               15.1               37.8  
1917      6               16.5              114.6  
1917      7               15.8              224.6  
1917      8               14.8              200.0  
1917      9               14.0               53.4  
1917     10                5.7              248.5  
1917     11                0.7              110.7  
1917     12               -4.9               45.9  
1918      1               -2.2               61.8  
1918      2               -1.2               32.9  
1918      3                2.5               87.7  
1918      4                7.9               85.7  
1918      5               13.1               45.7  
1918      6               13.0              247.8  
1918      7               16.4               74.5  
1918      8               15.3              170.1  
1918      9               12.1              180.7  
1918     10                6.3               74.5  
1918     11                2.1               64.6  
1918     12               -0.2              322.5  
1919      1               -1.5              108.6  
1919      2               -2.1               74.6  
1919      3                3.1              136.8  
1919      4                4.5              169.2  
1919      5               11.3               72.8  
1919      6               14.7              146.5  
1919      7               13.3              215.0  
1919      8               16.9               42.8  
1919      9               14.1               73.6  
1919     10                4.1              138.9  
1919     11                0.5              132.2  
1919     12               -2.0              271.9  
1920      1               -0.4              142.2  
1920      2                1.5               23.4  
1920      3                5.7               59.1  
1920      4                8.3               96.0  
1920      5               14.3              119.2  
1920      6               14.2              140.0  
1920      7               15.8              173.5  
1920      8               14.2               86.5  
1920      9               12.6              128.7  
1920     10                8.0                7.1  
1920     11                2.1                1.6  
1920     12               -2.7               55.0  
1921      1                0.0               88.2  
1921      2               -1.2               20.1  
1921      3                4.6               61.4  
1921      4                6.3               79.2  
1921      5               12.8               73.9  
1921      6               15.2              173.0  
1921      7               18.1               63.3  
1921      8               15.9              144.8  
1921      9               13.9               73.9  
1921     10                9.5               44.8  
1921     11               -1.2              134.0  
1921     12               -1.8               73.5  
1922      1               -3.6              240.2  
1922      2               -1.8              102.5  
1922      3                3.7               95.0  
1922      4                5.3              228.9  
1922      5               13.5               38.6  
1922      6               15.3              163.9  
1922      7               15.0              218.4  
1922      8               15.6              177.6  
1922      9               10.1              188.2  
1922     10                6.2              128.7  
1922     11                0.0              144.4  
1922     12               -2.9              158.3  
1923      1               -3.9               85.7  
1923      2                0.2              102.7  
1923      3                3.7               40.3  
1923      4                7.7               77.5  
1923      5               11.6              175.2  
1923      6               11.6              129.3  
1923      7               18.4              120.7  
1923      8               16.5              105.3  
1923      9               12.3               81.8  
1923     10                9.2              130.0  
1923     11                2.2              105.6  
1923     12               -1.5              240.6  
1924      1               -4.7               60.6  
1924      2               -3.8               50.5  
1924      3                2.3               31.5  
1924      4                7.5              120.8  
1924      5               12.5              129.3  
1924      6               14.5              257.4  
1924      7               16.2              161.5  
1924      8               12.7              223.7  
1924      9               12.5               97.3  
1924     10                7.7               95.9  
1924     11                2.5               35.6  
1924     12               -2.8               56.6  
1925      1               -1.9               35.6  
1925      2                0.9               82.4  
1925      3                0.1               55.6  
1925      4                7.4              112.7  
1925      5               12.1               78.3  
1925      6               15.3              121.8  
1925      7               15.9              125.5  
1925      8               14.9              194.0  
1925      9               10.2              142.2  
1925     10                8.0               36.7  
1925     11                0.7              101.5  
1925     12               -2.7              142.8  
1926      1               -2.5              101.0  
1926      2                3.7               66.1  
1926      3                4.2              102.7  
1926      4                8.8               80.8  
1926      5               10.1              222.9  
1926      6               12.1              277.6  
1926      7               15.2              181.8  
1926      8               15.4              105.4  
1926      9               14.4               58.6  
1926     10                8.6              113.6  
1926     11                5.7               65.8  
1926     12               -3.9              108.3  
1927      1               -3.0              112.1  
1927      2               -2.4               91.4  
1927      3                3.8              186.9  
1927      4                7.2              159.4  
1927      5               13.1               68.0  
1927      6               14.6              168.1  
1927      7               16.3              182.9  
1927      8               14.8              181.7  
1927      9               12.5              151.2  
1927     10                7.1               20.3  
1927     11                3.9               61.2  
1927     12               -1.9               33.0  
1928      1               -1.1               88.8  
1928      2                0.4              142.8  
1928      3                4.4               49.9  
1928      4                7.6              140.0  
1928      5                9.7              149.8  
1928      6               15.2              142.4  
1928      7               19.3              127.7  
1928      8               16.6              160.8  
1928      9               12.2              115.1  
1928     10                6.8              207.0  
1928     11                3.5              256.0  
1928     12               -3.7              103.3  
1929      1               -6.6               23.1  
1929      2               -7.8               30.9  
1929      3                2.2               29.8  
1929      4                4.7              154.7  
1929      5               12.6              108.8  
1929      6               15.9              118.4  
1929      7               17.8              131.6  
1929      8               15.6              155.8  
1929      9               15.1               86.0  
1929     10                8.3              128.5  
1929     11                3.0               44.3  
1929     12                0.5              107.0  
1930      1                0.6               38.2  
1930      2               -1.4               18.4  
1930      3                4.3               76.0  
1930      4                8.1              154.5  
1930      5               10.6              240.5  
1930      6               17.9              103.0  
1930      7               15.4              230.8  
1930      8               15.6              151.0  
1930      9               13.3              171.8  
1930     10                6.9              217.7  
1930     11                4.7              159.8  
1930     12               -2.3               65.5  
1931      1               -2.9              170.0  
1931      2               -3.5              163.9  
1931      3                0.2              146.4  
1931      4                6.8               69.5  
1931      5               14.1               82.5  
1931      6               16.8              152.1  
1931      7               15.7              238.8  
1931      8               13.9              186.4  
1931      9                9.0               91.0  
1931     10                6.8               33.4  
1931     11                4.0               30.7  
1931     12               -3.9               49.2  
1932      1               -1.8              103.9  
1932      2               -5.6                5.6  
1932      3                0.7              119.6  
1932      4                6.0              106.5  
1932      5               11.2              198.3  
1932      6               14.0              112.0  
1932      7               15.6              185.9  
1932      8               18.0              121.8  
1932      9               15.4               41.7  
1932     10                7.1              159.3  
1932     11                2.3               32.2  
1932     12               -0.9                8.8  
1933      1               -5.1               46.2  
1933      2               -1.7              103.4  
1933      3                3.5               82.2  
1933      4                8.2               74.1  
1933      5               10.5              215.1  
1933      6               12.6              232.1  
1933      7               17.5              210.2  
1933      8               16.9               90.9  
1933      9               13.6              166.0  
1933     10                8.0              124.3  
1933     11                2.7               60.9  
1933     12               -6.3               10.3  
1934      1               -4.0               94.7  
1934      2               -3.4               10.2  
1934      3                2.4               86.3  
1934      4               10.6               59.1  
1934      5               14.2               62.3  
1934      6               15.2              241.8  
1934      7               17.6              132.1  
1934      8               14.7              170.4  
1934      9               13.8               97.9  
1934     10                6.9              116.9  
1934     11                2.3               65.0  
1934     12                1.2               91.5  
1935      1               -5.2              102.8  
1935      2               -0.9              164.9  
1935      3                2.4              123.5  
1935      4                6.6              145.1  
1935      5               10.8               94.4  
1935      6               17.2               91.0  
1935      7               17.9              141.2  
1935      8               15.0              178.2  
1935      9               13.1               69.9  
1935     10                7.5              246.0  
1935     11                4.0               71.2  
1935     12               -2.2              131.6  
1936      1                1.7               97.2  
1936      2               -1.0               82.8  
1936      3                5.5               53.2  
1936      4                7.1              125.7  
1936      5               12.5              126.1  
1936      6               14.2              149.4  
1936      7               15.5              215.0  
1936      8               15.4              142.1  
1936      9               12.6              200.5  
1936     10                4.3               77.0  
1936     11                2.3               24.3  
1936     12               -2.3              150.1  
1937      1               -1.1               72.0  
1937      2                0.9              191.6  
1937      3                2.1              147.4  
1937      4                7.3              125.3  
1937      5               14.4              105.2  
1937      6               16.4              153.6  
1937      7               17.1              240.2  
1937      8               15.8              157.4  
1937      9               12.0              121.3  
1937     10                9.3               65.3  
1937     11                1.5               71.0  
1937     12               -3.1               82.7  
1938      1               -3.0              132.6  
1938      2               -3.2               79.8  
1938      3                4.6               45.1  
1938      4                4.8               46.1  
1938      5               10.6              125.1  
1938      6               16.6              157.2  
1938      7               16.8              193.5  
1938      8               15.8              180.9  
1938      9               13.4               93.8  
1938     10                7.4               80.6  
1938     11                3.7               31.6  
1938     12               -2.5               73.9  
1939      1               -1.7               88.9  
1939      2               -0.9               16.9  
1939      3               -0.6              218.3  
1939      4                8.5              103.8  
1939      5                9.0              195.5  
1939      6               15.3              128.8  
1939      7               15.8              172.6  
1939      8               16.1              136.1  
1939      9               11.9              100.7  
1939     10                6.8              188.0  
1939     11                3.5              222.2  
1939     12               -3.5               83.3  
1940      1               -7.5              109.7  
1940      2               -1.6              111.5  
1940      3                2.8               89.1  
1940      4                7.5              139.4  
1940      5               12.1              152.7  
1940      6               15.2              107.9  
1940      7               15.8              234.0  
1940      8               15.3              125.9  
1940      9               12.6              228.4  
1940     10                7.3              111.0  
1940     11                3.2              125.3  
1940     12               -6.7              161.3  
1941      1               -4.5               52.1  
1941      2               -1.1               73.6  
1941      3                3.4               48.0  
1941      4                6.3               66.5  
1941      5                8.9              167.8  
1941      6               16.1               95.3  
1941      7               18.5              143.8  
1941      8               14.9              238.6  
1941      9               12.6               66.0  
1941     10                6.5              154.1  
1941     11                2.2               51.2  
1941     12               -4.0               69.4  
1942      1               -7.0              104.3  
1942      2               -5.3               29.8  
1942      3                4.0               69.5  
1942      4                7.8               84.5  
1942      5               11.5              146.6  
1942      6               15.2              110.1  
1942      7               16.3              142.7  
1942      8               15.7              171.9  
1942      9               14.1              145.6  
1942     10                9.9              120.4  
1942     11                0.2               50.3  
1942     12               -0.9               34.1  
1943      1               -2.4               82.4  
1943      2               -0.7               68.8  
1943      3                5.5               44.2  
1943      4                8.6              106.1  
1943      5               13.1               73.5  
1943      6               14.4              209.6  
1943      7               17.0              164.0  
1943      8               18.0               75.9  
1943      9               13.8              132.6  
1943     10                9.4                0.0  
1943     11                1.2              122.3  
1943     12               -1.8               35.8  
1944      1               -3.2               77.7  
1944      2               -4.0              203.1  
1944      3               -0.6              116.7  
1944      4                9.0               63.5  
1944      5               12.2               67.2  
1944      6               14.1              190.6  
1944      7               16.5              167.4  
1944      8               18.9               77.8  
1944      9               12.4              135.1  
1944     10                7.0              144.5  
1944     11                0.7              362.5  
1944     12               -3.0               97.4  
1945      1               -8.6               55.6  
1945      2                0.6              127.2  
1945      3                4.2              166.2  
1945      4                9.0               99.2  
1945      5               13.6              114.5  
1945      6               16.8              142.2  
1945      7               17.6               88.9  
1945      8               15.2              185.9  
1945      9               13.0              172.9  
1945     10                7.6               68.4  
1945     11               -0.6               71.9  
1945     12               -1.4              106.8  
1946      1               -5.2               78.4  
1946      2                0.9              194.8  
1946      3                4.4               54.7  
1946      4               10.6               38.0  
1946      5               13.4               84.6  
1946      6               13.9              218.0  
1946      7               17.1              203.3  
1946      8               15.6              168.8  
1946      9               13.4               66.9  
1946     10                7.3               81.9  
1946     11                1.5               52.6  
1946     12               -3.4               65.6  
1947      1               -5.3               77.0  
1947      2               -1.7               24.4  
1947      3                4.3              153.2  
1947      4               10.2               47.2  
1947      5               14.3               84.1  
1947      6               17.1              139.1  
1947      7               18.6              169.1  
1947      8               18.4              139.9  
1947      9               14.9               65.0  
1947     10                8.3               34.5  
1947     11                4.7              242.9  
1947     12               -1.3              143.9  
1948      1                0.0              136.4  
1948      2                0.6              102.7  
1948      3                7.0               26.3  
1948      4                8.7               56.1  
1948      5               13.7               47.5  
1948      6               14.4              218.2  
1948      7               14.1              276.5  
1948      8               15.8              156.7  
1948      9               12.3              166.6  
1948     10                8.1               53.1  
1948     11                1.9               46.8  
1948     12               -2.9               34.0  
1949      1               -2.8              107.7  
1949      2               -1.7               31.1  
1949      3                0.6               79.6  
1949      4                9.7              108.8  
1949      5               10.8              112.8  
1949      6               15.7               91.5  
1949      7               18.4               72.9  
1949      8               16.7               88.9  
1949      9               15.6              102.1  
1949     10                9.6               59.1  
1949     11                2.3               94.5  
1949     12               -0.5               83.8  
1950      1               -3.3              108.7  
1950      2                0.7              102.7  
1950      3                4.3               29.2  
1950      4                6.0              138.8  
1950      5               13.7               79.0  
1950      6               17.5              119.4  
1950      7               18.8              184.0  
1950      8               17.0              114.7  
1950      9               12.2              143.7  
1950     10                7.2               25.4  
1950     11                3.0              247.4  
1950     12               -2.8               51.1  
1951      1               -1.4              148.8  
1951      2                0.6              149.2  
1951      3                2.2              165.0  
1951      4                7.6               81.4  
1951      5               11.5              149.5  
1951      6               14.7              188.0  
1951      7               17.1              130.7  
1951      8               15.8              196.1  
1951      9               13.7               94.4  
1951     10                7.3               69.1  
1951     11                5.5              188.2  
1951     12               -2.0               62.6  
1952      1               -3.8              122.0  
1952      2               -3.3              154.8  
1952      3                3.3              144.1  
1952      4                9.3               78.6  
1952      5               13.2               89.5  
1952      6               16.3              135.2  
1952      7               19.1              128.7  
1952      8               16.7              124.2  
1952      9               10.5              107.1  
1952     10                6.9              180.8  
1952     11                1.1              288.7  
1952     12               -1.8              161.9  
1953      1               -6.0               48.6  
1953      2               -2.9               40.5  
1953      3                3.4                9.0  
1953      4                8.9              106.2  
1953      5               13.0              102.5  
1953      6               14.4              209.4  
1953      7               17.3              170.4  
1953      8               16.2               82.3  
1953      9               13.9               85.9  
1953     10                9.4              120.1  
1953     11                0.8               39.7  
1953     12               -0.1               81.3  
1954      1               -4.5              109.9  
1954      2               -2.5               69.1  
1954      3                4.9               28.8  
1954      4                5.7              132.1  
1954      5               11.2              116.5  
1954      6               15.0              144.3  
1954      7               14.9              158.9  
1954      8               14.8              233.9  
1954      9               13.2              185.9  
1954     10                7.7              101.7  
1954     11                3.6               68.9  
1954     12               -0.4              202.7  
1955      1               -0.6              161.4  
1955      2               -0.7              170.4  
1955      3                1.1               40.3  
1955      4                7.7               71.0  
1955      5               11.0              130.3  
1955      6               14.9              163.1  
1955      7               16.1              260.0  
1955      8               15.0              180.4  
1955      9               12.4               84.8  
1955     10                6.9               93.0  
1955     11                0.8               18.3  
1955     12                0.3              129.2  
1956      1               -1.3              123.0  
1956      2               -9.7               26.1  
1956      3                3.7               89.4  
1956      4                5.2              158.2  
1956      5               12.1              153.7  
1956      6               12.9              158.4  
1956      7               16.1              197.6  
1956      8               14.5              206.4  
1956      9               13.8              112.9  
1956     10                5.9              109.9  
1956     11                0.2               45.1  
1956     12               -2.9               23.1  
1957      1               -4.1               36.8  
1957      2                1.9              197.6  
1957      3                6.5               43.2  
1957      4                7.5               51.6  
1957      5                9.3              142.0  
1957      6               15.7              171.7  
1957      7               16.1              208.4  
1957      8               15.0              165.2  
1957      9               11.9              146.7  
1957     10                7.2               26.7  
1957     11                3.7               38.0  
1957     12               -1.8               70.3  
1958      1               -3.5              104.5  
1958      2                0.4              257.9  
1958      3               -0.5              126.1  
1958      4                4.8              120.6  
1958      5               14.5              105.2  
1958      6               15.3              130.9  
1958      7               16.3              166.7  
1958      8               16.0              159.0  
1958      9               14.1              155.4  
1958     10                6.3              205.5  
1958     11                1.2               73.5  
1958     12                0.0               99.7  
1959      1               -2.8              122.7  
1959      2               -0.5               23.1  
1959      3                6.3               77.2  
1959      4                8.2               84.8  
1959      5               12.8               80.1  
1959      6               15.1              157.6  
1959      7               17.9              206.7  
1959      8               15.6              104.9  
1959      9               14.4               36.7  
1959     10                7.2              118.9  
1959     11                1.0               60.9  
1959     12                0.5              111.3  
1960      1               -2.8               60.9  
1960      2                0.3               76.5  
1960      3                6.1               69.1  
1960      4                7.2               66.4  
1960      5               13.1               93.1  
1960      6               15.9              184.7  
1960      7               14.8              172.4  
1960      8               15.0              196.5  
1960      9               11.2              189.7  
1960     10                8.5              135.6  
1960     11                4.1              121.3  
1960     12               -2.2               61.5  
1961      1               -2.3               66.6  
1961      2                2.5              125.5  
1961      3                4.7               62.4  
1961      4               10.2               95.2  
1961      5               10.6              127.9  
1961      6               15.8              145.2  
1961      7               15.6              155.8  
1961      8               15.5              160.4  
1961      9               15.7               42.7  
1961     10                9.0               58.6  
1961     11                2.5               57.1  
1961     12               -0.8              150.7  
1962      1               -1.4              122.1  
1962      2               -1.7              135.2  
1962      3                0.1               97.4  
1962      4                7.5               75.4  
1962      5                9.9              147.2  
1962      6               14.2               85.2  
1962      7               15.5              153.2  
1962      8               17.0              129.1  
1962      9               12.5               63.8  
1962     10                8.3               21.7  
1962     11                1.8               51.6  
1962     12               -5.5              201.1  
1963      1               -7.0               84.6  
1963      2               -5.9               56.9  
1963      3                1.0              161.7  
1963      4                8.8               76.7  
1963      5               11.2              127.9  
1963      6               14.6              147.3  
1963      7               17.2              132.5  
1963      8               15.1              135.7  
1963      9               13.0               74.5  
1963     10                7.7               70.7  
1963     11                5.6               96.7  
1963     12               -4.0                6.6  
1964      1               -5.2               18.5  
1964      2                0.7               29.3  
1964      3                1.7              107.9  
1964      4                8.5               91.7  
1964      5               13.5              139.7  
1964      6               16.7              160.5  
1964      7               18.0              102.9  
1964      8               15.4              126.2  
1964      9               13.2              118.1  
1964     10                6.5               93.6  
1964     11                2.8              115.0  
1964     12               -4.1               55.2  
1965      1               -1.9               99.6  
1965      2               -4.7               57.7  
1965      3                2.3              104.5  
1965      4                5.6              164.6  
1965      5               10.8              138.9  
1965      6               14.5              171.0  
1965      7               14.7              253.1  
1965      8               14.2              211.2  
1965      9               10.9              203.7  
1965     10                8.2               14.5  
1965     11                2.2              139.6  
1965     12               -0.4              196.2  
1966      1               -4.0               75.9  
1966      2                3.7              168.6  
1966      3                1.8              162.3  
1966      4                8.9              112.9  
1966      5               12.3               95.3  
1966      6               16.1              129.8  
1966      7               14.8              212.7  
1966      8               14.2              204.2  
1966      9               13.9               64.7  
1966     10               10.7               81.3  
1966     11                1.2              114.8  
1966     12               -1.4              144.4  
1967      1               -3.7               96.7  
1967      2                1.1               65.7  
1967      3                4.1              209.4  
1967      4                6.0               68.5  
1967      5               11.8              171.6  
1967      6               14.3               94.5  
1967      7               18.4              126.2  
1967      8               16.0              156.1  
1967      9               12.1              127.5  
1967     10                9.6               62.1  
1967     11                3.1               34.3  
1967     12               -3.8               84.3  
1968      1               -3.9              349.0  
1968      2               -0.4               54.5  
1968      3                3.2               57.6  
1968      4                9.1               80.1  
1968      5               11.5              150.6  
1968      6               14.9              115.6  
1968      7               16.2              130.9  
1968      8               14.2              212.8  
1968      9               12.0              147.1  
1968     10                9.7               30.8  
1968     11                2.1              122.8  
1968     12               -3.1              100.2  
1969      1               -2.1               52.9  
1969      2               -2.4               64.1  
1969      3                3.0               27.2  
1969      4                7.3              131.2  
1969      5               13.2              111.4  
1969      6               13.0              216.6  
1969      7               17.6              112.7  
1969      8               15.0              242.8  
1969      9               13.9               47.3  
1969     10                8.9               33.4  
1969     11                3.1               91.9  
1969     12               -6.3               92.0  
1970      1               -1.3               64.5  
1970      2               -1.3              267.0  
1970      3               -0.1              109.9  
1970      4                4.7              222.8  
1970      5               10.7              102.5  
1970      6               15.9              164.0  
1970      7               15.7              127.0  
1970      8               15.4              269.8  
1970      9               13.6               63.5  
1970     10                7.5              116.7  
1970     11                3.9               70.4  
1970     12               -3.2               32.1  
1971      1               -4.7               20.1  
1971      2               -1.9               67.2  
1971      3               -1.2              112.0  
1971      4                9.5               34.1  
1971      5               14.2               71.9  
1971      6               13.3              207.6  
1971      7               17.7              111.3  
1971      8               17.0              214.9  
1971      9               12.3               69.8  
1971     10                8.6               27.0  
1971     11                1.2              131.6  
1971     12               -1.9               47.4  
1972      1               -1.9               14.8  
1972      2                3.2               24.5  
1972      3                5.6               27.2  
1972      4                6.3              100.9  
1972      5               10.8              126.6  
1972      6               13.7              159.1  
1972      7               15.5              152.7  
1972      8               14.8               95.7  
1972      9               10.0               57.5  
1972     10                6.6               95.0  
1972     11                2.3              224.3  
1972     12               -2.0               16.8  
1973      1               -2.9               60.9  
1973      2               -2.9               62.2  
1973      3                1.6               23.5  
1973      4                4.4              108.6  
1973      5               12.9              100.7  
1973      6               15.0              192.9  
1973      7               15.8              195.7  
1973      8               17.5              185.2  
1973      9               13.6               76.3  
1973     10                6.7               96.6  
1973     11                2.3               76.0  
1973     12               -0.8               77.6  
1974      1               -0.2               65.0  
1974      2                1.3               87.2  
1974      3                6.3               67.6  
1974      4                7.7               52.3  
1974      5               10.8              111.1  
1974      6               13.3              131.0  
1974      7               16.0              138.9  
1974      8               16.6              160.5  
1974      9               12.2              103.5  
1974     10                3.1              195.1  
1974     11                2.9              124.7  
1974     12                0.1              122.6  
1975      1                0.8              109.7  
1975      2                0.7               32.9  
1975      3                2.3              144.3  
1975      4                6.9              118.7  
1975      5               11.8               96.2  
1975      6               13.4              149.0  
1975      7               16.1              131.3  
1975      8               16.2              203.7  
1975      9               14.9               81.5  
1975     10                6.3               90.6  
1975     11                2.2              124.1  
1975     12               -2.9                4.2  
1976      1               -1.6               66.4  
1976      2               -0.4               35.9  
1976      3                2.6               24.6  
1976      4                7.1              108.0  
1976      5               12.7               91.4  
1976      6               17.0               94.7  
1976      7               17.3              236.3  
1976      8               14.7              101.7  
1976      9               11.7               66.8  
1976     10                9.9               87.5  
1976     11                2.9               80.0  
1976     12               -3.7              119.6  
1977      1               -1.4              100.4  
1977      2                2.3              119.9  
1977      3                5.7               91.1  
1977      4                5.6              216.1  
1977      5               11.5               90.9  
1977      6               14.8              147.4  
1977      7               15.9              208.7  
1977      8               14.6              180.3  
1977      9               11.9               37.7  
1977     10                9.5              110.1  
1977     11                2.6              131.4  
1977     12               -0.8               74.6  
1978      1               -2.0               98.6  
1978      2               -0.8              166.0  
1978      3                3.9              161.1  
1978      4                6.6               50.7  
1978      5               10.4              151.0  
1978      6               13.0              208.1  
1978      7               15.3              165.8  
1978      8               14.5              172.2  
1978      9               12.4               81.6  
1978     10                7.3               76.7  
1978     11                1.2               23.2  
1978     12                0.1               77.3  
1979      1               -3.8               79.3  
1979      2                0.8               89.6  
1979      3                4.0              183.0  
1979      4                6.0               77.7  
1979      5               11.8               62.3  
1979      6               15.2              194.8  
1979      7               16.8               64.5  
1979      8               14.7              195.4  
1979      9               12.9               87.5  
1979     10               10.5              107.5  
1979     11                1.6              164.6  
1979     12                0.7              167.5  
1980      1               -3.8               96.6  
1980      2                1.4               92.0  
1980      3                3.6               99.8  
1980      4                4.9              103.6  
1980      5               10.5               70.9  
1980      6               13.0              160.1  
1980      7               14.0              158.0  
1980      8               16.7               88.8  
1980      9               13.8               48.8  
1980     10                7.2              190.2  
1980     11                1.4               58.8  
1980     12               -3.9              114.5  
1981      1               -4.4              181.4  
1981      2               -3.6               39.1  
1981      3                4.8              185.4  
1981      4                9.1               23.0  
1981      5               11.5              117.8  
1981      6               15.1               84.6  
1981      7               15.0              205.2  
1981      8               16.4              101.4  
1981      9               13.3              203.7  
1981     10                7.5              187.8  
1981     11                2.6               98.5  
1981     12               -1.2              193.4  
1982      1               -0.6              143.4  
1982      2               -0.3               55.0  
1982      3                2.3              121.5  
1982      4                6.9               42.6  
1982      5               12.5               84.0  
1982      6               15.1              136.3  
1982      7               17.6              238.6  
1982      8               15.3              205.0  
1982      9               14.6               70.8  
1982     10                7.7              106.8  
1982     11                4.2               56.3  
1982     12               -0.4              108.9  
1983      1               -0.6              147.3  
1983      2               -3.2               71.3  
1983      3                4.1               56.7  
1983      4                8.5              107.0  
1983      5               10.1              224.7  
1983      6               15.9               92.5  
1983      7               21.1               28.4  
1983      8               16.6              173.6  
1983      9               13.6               88.5  
1983     10                8.4               65.1  
1983     11                2.0              110.8  
1983     12               -1.0               76.7  
1984      1               -1.8              123.5  
1984      2               -2.4              122.4  
1984      3                1.2               36.4  
1984      4                6.7               33.3  
1984      5                9.8              114.5  
1984      6               14.7              105.9  
1984      7               16.9              139.0  
1984      8               15.8              140.0  
1984      9               11.4              217.2  
1984     10                9.0               57.5  
1984     11                6.2               57.4  
1984     12               -0.9               67.7  
1985      1               -6.9               82.7  
1985      2               -1.9              126.6  
1985      3                1.9               54.3  
1985      4                7.6              106.5  
1985      5               12.0              177.7  
1985      6               13.5              212.0  
1985      7               18.3               83.9  
1985      8               15.9              126.5  
1985      9               14.1               66.1  
1985     10                9.2                6.8  
1985     11               -0.1              112.3  
1985     12               -0.1               44.1  
1986      1               -1.9              199.4  
1986      2               -4.9               38.7  
1986      3                3.1              133.6  
1986      4                5.7              145.2  
1986      5               13.8              125.6  
1986      6               14.8              181.7  
1986      7               16.7              131.1  
1986      8               16.0              165.4  
1986      9               13.2               59.4  
1986     10                9.5               69.7  
1986     11                3.7               71.3  
1986     12               -1.2              121.1  
1987      1               -6.0              156.4  
1987      2               -1.5              133.0  
1987      3               -0.2              112.3  
1987      4                8.6              113.3  
1987      5                9.3              175.5  
1987      6               13.3              194.6  
1987      7               16.9              166.7  
1987      8               16.1              151.7  
1987      9               15.3               64.9  
1987     10               10.2               59.6  
1987     11                3.5              102.8  
1987     12                0.0               51.8  
1988      1                1.1               81.9  
1988      2               -0.7              139.9  
1988      3                1.3              284.0  
1988      4                8.9               55.7  
1988      5               13.6               95.2  
1988      6               14.6              132.1  
1988      7               17.1              143.3  
1988      8               16.7              133.3  
1988      9               13.2               42.2  
1988     10                9.8              132.3  
1988     11                0.9               63.2  
1988     12               -1.3              177.8  
1989      1               -3.0                7.8  
1989      2                0.7               73.6  
1989      3                6.4               85.0  
1989      4                7.2              165.6  
1989      5               13.4               86.7  
1989      6               14.8              103.2  
1989      7               17.8              187.1  
1989      8               16.3              197.3  
1989      9               13.0               91.0  
1989     10                9.1               97.6  
1989     11                1.8               48.1  
1989     12               -0.5               51.3  
1990      1               -1.5               22.6  
1990      2                4.2              201.8  
1990      3                5.4               95.5  
1990      4                6.6               95.6  
1990      5               14.0              160.1  
1990      6               14.7              203.7  
1990      7               18.3               56.0  
1990      8               18.0              119.3  
1990      9               12.8               93.7  
1990     10               10.8              140.2  
1990     11                2.7              155.9  
1990     12               -3.1              142.4  
1991      1               -1.9               71.8  
1991      2               -1.9               31.1  
1991      3                7.0               89.9  
1991      4                6.7              105.4  
1991      5                9.6              123.6  
1991      6               14.2              177.3  
1991      7               18.5              207.0  
1991      8               18.8               37.8  
1991      9               15.9               84.0  
1991     10                7.4               51.1  
1991     11                2.1               91.8  
1991     12               -2.9              157.5  
1992      1               -3.8               16.6  
1992      2               -0.9              114.7  
1992      3                4.7              110.2  
1992      4                7.8               85.7  
1992      5               14.5               38.8  
1992      6               15.1              143.3  
1992      7               17.9               80.7  
1992      8               18.8              174.0  
1992      9               13.6               84.1  
1992     10                7.2              118.8  
1992     11                3.8              241.7  
1992     12               -0.9               70.4  
1993      1               -0.2               57.4  
1993      2               -2.1               31.2  
1993      3                3.0               37.5  
1993      4                9.9              120.5  
1993      5               14.4              108.4  
1993      6               16.0              159.0  
1993      7               15.9              194.9  
1993      8               17.0              103.4  
1993      9               12.3              157.4  
1993     10                7.5              115.0  
1993     11                1.3               62.7  
1993     12                0.7              135.0  
1994      1                0.5              144.5  
1994      2                2.1               31.4  
1994      3                8.1               63.5  
1994      4                6.6               96.1  
1994      5               13.0              216.1  
1994      6               16.1              106.3  
1994      7               19.7              166.5  
1994      8               17.7              204.6  
1994      9               13.2              102.2  
1994     10                8.6               52.1  
1994     11                6.3               46.0  
1994     12                0.2              121.8  
1995      1               -2.4              204.5  
1995      2                2.9              124.7  
1995      3                2.2              150.2  
1995      4                8.4               96.7  
1995      5               12.7              145.4  
1995      6               14.2              117.7  
1995      7               19.5              147.9  
1995      8               16.4              202.1  
1995      9               11.2              134.8  
1995     10               10.7                2.9  
1995     11                3.5               71.6  
1995     12               -0.9              149.3  
1996      1               -0.3                3.1  
1996      2               -0.9               57.0  
1996      3                2.9               49.8  
1996      4                9.1               53.6  
1996      5               12.3              186.1  
1996      6               16.1               69.1  
1996      7               16.0              170.1  
1996      8               15.6              195.4  
1996      9               10.5               62.5  
1996     10                8.2              146.4  
1996     11                3.3              169.8  
1996     12               -1.2               57.4  
1997      1               -2.2               36.8  
1997      2                1.4               71.8  
1997      3                5.9               56.7  
1997      4                7.1               93.9  
1997      5               12.6               97.9  
1997      6               15.3              181.6  
1997      7               15.6              256.4  
1997      8               17.7               98.2  
1997      9               14.2               77.8  
1997     10                8.1               87.1  
1997     11                3.5               37.6  
1997     12                1.8              132.8  
1998      1               -0.5               68.9  
1998      2                0.8               24.8  
1998      3                4.5               48.0  
1998      4                8.3              124.9  
1998      5               13.6               70.3  
1998      6               16.6              245.9  
1998      7               17.8              131.7  
1998      8               17.6              102.7  
1998      9               13.0              167.7  
1998     10                8.5              136.0  
1998     11                0.8              121.8  
1998     12               -2.0               37.5  
1999      1               -0.9              166.3  
1999      2               -2.2              276.9  
1999      3                3.9              108.5  
1999      4                7.9              147.5  
1999      5               14.7              207.9  
1999      6               14.9              192.0  
1999      7               18.1               72.1  
1999      8               17.2              144.4  
1999      9               15.7              130.7  
1999     10                9.4               51.7  
1999     11                0.7               88.8  
1999     12               -1.7              185.4  
2000      1               -3.9               60.0  
2000      2                1.2              127.7  
2000      3                4.9              112.7  
2000      4                9.5               61.4  
2000      5               14.4               93.8  
2000      6               17.1              104.0  
2000      7               15.6              210.6  
2000      8               17.6              176.5  
2000      9               14.2              128.3  
2000     10                9.3              110.7  
2000     11                4.5               96.8  
2000     12                1.9               23.6  
2001      1                0.3               68.4  
2001      2                2.6               45.1  
2001      3                7.1              188.9  
2001      4                6.1              211.3  
2001      5               15.0               84.3  
2001      6               15.1              236.6  
2001      7               17.6              140.1  
2001      8               18.1              132.0  
2001      9               10.9              145.2  
2001     10               11.3               46.9  
2001     11                1.7               85.8  
2001     12               -2.5               88.8  
2002      1               -3.4               34.5  
2002      2                3.2               88.8  
2002      3                6.3               98.9  
2002      4                9.0               82.3  
2002      5               12.3              205.6  
2002      6               18.0              175.1  
2002      7               17.1              186.5  
2002      8               16.7              203.4  
2002      9               12.3              218.6  
2002     10                8.7              141.1  
2002     11                5.0              337.4  
2002     12                2.2              103.9  
2003      1               -1.7               83.6  
2003      2               -3.0               56.3  
2003      3                5.7               27.7  
2003      4                8.7               77.2  
2003      5               13.8               95.9  
2003      6               20.3              156.5  
2003      7               18.7              129.4  
2003      8               20.4               97.2  
2003      9               13.4               76.9  
2003     10                6.5              148.5  
2003     11                4.5               65.6  
2003     12               -0.2               70.5  
2004      1               -0.4              166.8  
2004      2                0.0               29.0  
2004      3                3.5               58.9  
2004      4                8.9               72.3  
2004      5               11.4              152.4  
2004      6               15.6              217.7  
2004      7               17.5              115.4  
2004      8               17.2              220.8  
2004      9               14.2               94.8  
2004     10               10.7               65.4  
2004     11                2.7               36.6  
2004     12               -2.0               45.4  
2005      1               -3.2               96.4  
2005      2               -3.3               62.6  
2005      3                2.9               33.0  
2005      4                8.8               92.2  
2005      5               13.4              147.2  
2005      6               17.5              110.1  
2005      7               17.4              108.0  
2005      8               15.1              387.7  
2005      9               14.9               64.4  
2005     10                9.3               61.2  
2005     11                2.8               40.7  
2005     12               -2.6               82.5  
2006      1               -3.6               31.2  
2006      2               -0.5               65.7  
2006      3                2.2              133.9  
2006      4                8.1              134.0  
2006      5               12.5              263.8  
2006      6               17.1              115.5  
2006      7               20.5              104.2  
2006      8               14.1              226.1  
2006      9               15.9              120.9  
2006     10               11.5               50.9  
2006     11                6.1               61.3  
2006     12               -0.7               66.8  
2007      1                0.9               73.1  
2007      2                2.8               77.4  
2007      3                4.7              143.3  
2007      4               12.9               29.0  
2007      5               13.7              247.5  
2007      6               16.5              178.4  
2007      7               17.1              235.3  
2007      8               16.1              252.4  
2007      9               12.6               78.0  
2007     10                8.7               49.8  
2007     11                2.3              105.3  
2007     12               -1.6              121.6  
2008      1                1.4               57.1  
2008      2                2.1               46.3  
2008      3                3.7              120.2  
2008      4                7.5              165.8  
2008      5               15.3               18.4  
2008      6               16.7              156.5  
2008      7               17.3              168.7  
2008      8               16.9              211.5  
2008      9               12.4              144.8  
2008     10                8.8              144.1  
2008     11                3.5               93.3  
2008     12               -0.7               80.8  
2009      1               -3.7               45.1  
2009      2                0.0              142.1  
2009      3                2.8              136.7  
2009      4               10.9               56.3  
2009      5               15.1               82.7  
2009      6               15.8              193.1  
2009      7               17.5              247.6  
2009      8               18.2              146.8  
2009      9               14.9               73.5  
2009     10                8.7               75.2  
2009     11                5.6              114.0  
2009     12               -0.3               82.8  
2010      1               -3.0               42.4  
2010      2               -0.1               21.6  
2010      3                3.9               54.6  
2010      4                9.2               32.3  
2010      5               11.6              193.8  
2010      6               16.2               99.7  
2010      7               18.7              200.7  
2010      8               16.1              223.9  
2010      9               12.6              135.7  
2010     10                9.0               54.4  
2010     11                3.8              108.9  
2010     12               -1.9               73.6  
2011      1               -1.5               58.5  
2011      2                0.7               43.7  
2011      3                5.9               37.8  
2011      4               11.6               34.3  
2011      5               14.5              122.0  
2011      6               16.0              157.9  
2011      7               15.9              195.1  
2011      8               18.2              118.3  
2011      9               15.3               95.3  
2011     10                8.4              111.0  
2011     11                3.5                0.0  
2011     12                0.6              273.1  
2012      1               -0.2              148.1  
2012      2               -4.6               18.3  
2012      3                6.3               39.5  
2012      4                9.1               98.5  
2012      5               13.6               96.2  
2012      6               16.9              175.0  
2012      7               17.3              129.1  
2012      8               18.4              158.8  
2012      9               13.5              114.8  
2012     10                9.1              151.3  
2012     11                4.0               67.5  
2012     12               -0.7              172.4  
2013      1               -1.5               76.1  
2013      2               -2.7               78.6  
2013      3                3.3               42.0  
2013      4                8.9               68.4  
2013      5               10.7              193.2  
2013      6               15.6              111.6  
2013      7               19.5               68.7  
2013      8               17.6              110.0  
2013      9               14.1              108.4  
2013     10               11.0               82.1  
2013     11                3.0              126.8  
2013     12               -1.4               43.3  
2014      1                1.1               65.5  
2014      2                3.1               76.5  
2014      3                6.2               40.4  
2014      4               10.4               88.8  
2014      5               12.1              112.2  
2014      6               16.9               85.9  
2014      7               17.0              305.2  
2014      8               15.6              196.5  
2014      9               14.2               84.0  
2014     10               11.1              104.1  
2014     11                6.1               91.8  
2014     12                1.4               52.6  
2015      1                0.2              120.4  
2015      2               -1.7               31.7  
2015      3                5.5               98.4  
2015      4                9.4               91.9  
2015      5               13.1              179.7  
2015      6               17.9              103.0  
2015      7               21.1              100.1  
2015      8               18.8              120.5  
2015      9               12.8               83.1  
2015     10                8.6               71.5  
2015     11                4.1               87.9  
2015     12               -0.6               13.8  
2016      1                0.2              109.6  
2016      2                2.7              122.9  
2016      3                4.4               50.6  
2016      4                9.2              113.8  
2016      5               12.6              193.0  
2016      6               15.8              211.2  
2016      7               18.4              209.1  
2016      8               17.5              185.6  
2016      9               15.3               91.3  
2016     10                8.2               67.2  
2016     11                5.6               94.8  
2016     12               -2.5                0.8  
2017      1               -4.1               56.6  
2017      2                2.5               71.0  
2017      3                8.1              156.1  
2017      4                8.6               83.8  
2017      5               13.9              127.8  
2017      6               18.7              107.8  
2017      7               18.5              123.7  
2017      8               18.1              168.8  
2017      9               11.9              133.6  
2017     10                9.3               83.7  
2017     11                2.8              113.7  
2017     12               -1.4              106.9  
2018      1                3.4              193.1  
2018      2               -1.6               66.4  
2018      3                3.8              131.4  
2018      4               12.4               29.2  
2018      5               14.3               80.5  
2018      6               18.2               73.9  
2018      7               19.5              106.4  
2018      8               18.9              219.1  
2018      9               15.3              109.9  
2018     10               10.5               84.7  
2018     11                5.6               12.2  
2018     12                1.8              190.1  
2019      1               -1.6               94.1  
2019      2                0.7               25.7  
2019      3                5.8               70.9  
2019      4                9.3              104.3  
2019      5               10.4              132.4  
2019      6               18.7              118.7  
2019      7               19.6              103.0  
2019      8               18.2              136.5  
2019      9               14.2               78.1  
2019     10               11.3              162.9  
2019     11                4.8              139.1  
2019     12                3.1               87.5  
2020      1               -0.2               25.9  
2020      2                3.8              101.9  
2020      3                5.3               59.7  
2020      4               11.7               41.2  
2020      5               14.0               97.4  
2020      6               15.7              160.6  
2020      7               18.6              192.8  
2020      8               18.0              270.0  
2020      9               15.0               52.4  
2020     10                8.5              137.9  
2020     11                3.8               29.3  
2020     12                0.3              100.0  
2021      1               -0.6              197.1  
2021      2                2.6               40.9  
2021      3                4.8               86.2  
2021      4                7.8               28.7  
2021      5               10.5              158.7  
2021      6               18.2              171.6  
